1.000000000000000000e+00,2.281157800000000000e+07,3.054763000000000000e+06
2.000000000000000000e+00,8.157743000000000000e+06,6.453701562500000000e+04
3.000000000000000000e+00,4.600642000000000000e+06,1.950729125000000000e+06
4.000000000000000000e+00,2.563295000000000000e+06,1.477211625000000000e+06
5.000000000000000000e+00,1.431200250000000000e+06,4.948950000000000000e+04
6.000000000000000000e+00,7.689341875000000000e+05,2.301616601562500000e+04
7.000000000000000000e+00,4.120148437500000000e+05,1.140231445312500000e+04
8.000000000000000000e+00,1.708632812500000000e+05,1.796289184570312500e+03
9.000000000000000000e+00,4.239081250000000000e+04,2.462613125000000000e+05
1.000000000000000000e+01,5.253142187500000000e+04,2.574142578125000000e+04
1.100000000000000000e+01,1.335072851562500000e+04,3.192785156250000000e+03
1.200000000000000000e+01,1.179477636718750000e+04,1.045052539062500000e+04
1.300000000000000000e+01,9.393304687500000000e+03,2.746330322265625000e+03
1.400000000000000000e+01,8.371688476562500000e+03,3.123081542968750000e+03
1.500000000000000000e+01,6.905995605468750000e+03,3.679550292968750000e+03
1.600000000000000000e+01,6.745005859375000000e+03,1.902350781250000000e+04
1.700000000000000000e+01,7.736377929687500000e+03,2.550102050781250000e+03
1.800000000000000000e+01,5.998374023437500000e+03,2.938912109375000000e+03
1.900000000000000000e+01,6.114755371093750000e+03,1.727450195312500000e+04
2.000000000000000000e+01,5.550848144531250000e+03,4.235260253906250000e+03
2.100000000000000000e+01,5.535274902343750000e+03,3.144251464843750000e+03
2.200000000000000000e+01,5.343056152343750000e+03,2.031416992187500000e+03
2.300000000000000000e+01,5.568804687500000000e+03,7.359264648437500000e+03
2.400000000000000000e+01,5.573479003906250000e+03,5.688600097656250000e+03
2.500000000000000000e+01,5.381852539062500000e+03,3.029849609375000000e+03
2.600000000000000000e+01,5.384477539062500000e+03,5.997162597656250000e+03
2.700000000000000000e+01,5.397209472656250000e+03,4.967131347656250000e+03
2.800000000000000000e+01,4.828334960937500000e+03,3.718380126953125000e+03
2.900000000000000000e+01,5.349806152343750000e+03,1.745608642578125000e+03
3.000000000000000000e+01,4.773675781250000000e+03,5.117924804687500000e+03
3.100000000000000000e+01,5.146861816406250000e+03,1.686947875976562500e+03
3.200000000000000000e+01,4.548198242187500000e+03,1.637528808593750000e+03
3.300000000000000000e+01,4.736513183593750000e+03,6.755610351562500000e+03
3.400000000000000000e+01,5.337437988281250000e+03,1.687471313476562500e+03
3.500000000000000000e+01,4.437612304687500000e+03,2.499560302734375000e+03
3.600000000000000000e+01,5.243551757812500000e+03,3.147049072265625000e+03
3.700000000000000000e+01,5.264910156250000000e+03,1.568163208007812500e+03
3.800000000000000000e+01,3.994609619140625000e+03,1.837013061523437500e+03
3.900000000000000000e+01,4.962965820312500000e+03,3.799059082031250000e+03
4.000000000000000000e+01,5.280584472656250000e+03,5.013421875000000000e+03
4.100000000000000000e+01,4.608683105468750000e+03,8.285153320312500000e+03
4.200000000000000000e+01,4.546341308593750000e+03,3.777020019531250000e+03
4.300000000000000000e+01,5.246141113281250000e+03,1.812516723632812500e+03
4.400000000000000000e+01,3.699075683593750000e+03,6.452450195312500000e+03
4.500000000000000000e+01,5.500241699218750000e+03,2.402765136718750000e+03
4.600000000000000000e+01,5.059223144531250000e+03,1.593328247070312500e+03
4.700000000000000000e+01,3.820577636718750000e+03,1.259344628906250000e+04
4.800000000000000000e+01,4.475446777343750000e+03,1.584105346679687500e+03
4.900000000000000000e+01,3.954782226562500000e+03,4.333033203125000000e+03
5.000000000000000000e+01,4.242661132812500000e+03,1.500679565429687500e+03
5.100000000000000000e+01,4.584600585937500000e+03,2.174344238281250000e+03
5.200000000000000000e+01,4.167616699218750000e+03,6.126553710937500000e+03
5.300000000000000000e+01,4.340486816406250000e+03,1.694571655273437500e+03
5.400000000000000000e+01,3.892982421875000000e+03,2.979064208984375000e+03
5.500000000000000000e+01,4.255559082031250000e+03,1.685991699218750000e+03
5.600000000000000000e+01,3.502919921875000000e+03,4.328229980468750000e+03
5.700000000000000000e+01,4.859634765625000000e+03,1.470206420898437500e+03
5.800000000000000000e+01,4.252741210937500000e+03,1.540158984375000000e+04
5.900000000000000000e+01,3.706999755859375000e+03,2.734267089843750000e+03
6.000000000000000000e+01,4.139148925781250000e+03,5.839838378906250000e+03
6.100000000000000000e+01,4.156036621093750000e+03,1.151833789062500000e+04
6.200000000000000000e+01,4.876611328125000000e+03,1.631355224609375000e+03
6.300000000000000000e+01,3.623423583984375000e+03,1.595423950195312500e+03
6.400000000000000000e+01,4.153056640625000000e+03,5.047488281250000000e+03
6.500000000000000000e+01,3.641396728515625000e+03,1.392965234375000000e+04
6.600000000000000000e+01,4.731985351562500000e+03,1.465571899414062500e+03
6.700000000000000000e+01,3.662823730468750000e+03,1.351654589843750000e+04
6.800000000000000000e+01,4.003937011718750000e+03,2.979872802734375000e+03
6.900000000000000000e+01,3.823062744140625000e+03,1.855333007812500000e+03
7.000000000000000000e+01,4.106740722656250000e+03,4.895422363281250000e+03
7.100000000000000000e+01,4.138683105468750000e+03,2.183451660156250000e+03
7.200000000000000000e+01,3.682749023437500000e+03,3.991870849609375000e+03
7.300000000000000000e+01,3.948310058593750000e+03,1.501549438476562500e+03
7.400000000000000000e+01,3.896623535156250000e+03,3.401029541015625000e+03
7.500000000000000000e+01,3.644501464843750000e+03,6.281762695312500000e+03
7.600000000000000000e+01,3.677065429687500000e+03,1.009221972656250000e+04
7.700000000000000000e+01,3.996562500000000000e+03,1.454173461914062500e+03
7.800000000000000000e+01,3.948043701171875000e+03,1.520023803710937500e+03
7.900000000000000000e+01,3.770523437500000000e+03,1.508727416992187500e+03
8.000000000000000000e+01,3.781201416015625000e+03,1.565314086914062500e+03
8.100000000000000000e+01,4.067504882812500000e+03,8.975801757812500000e+03
8.200000000000000000e+01,4.142773925781250000e+03,2.050856933593750000e+03
8.300000000000000000e+01,3.245201904296875000e+03,4.387151855468750000e+03
8.400000000000000000e+01,3.977131835937500000e+03,6.883524902343750000e+03
8.500000000000000000e+01,3.620539794921875000e+03,2.085953369140625000e+03
8.600000000000000000e+01,3.535104248046875000e+03,1.511059204101562500e+03
8.700000000000000000e+01,3.540327148437500000e+03,2.261803222656250000e+03
8.800000000000000000e+01,3.491765136718750000e+03,2.555747802734375000e+03
8.900000000000000000e+01,3.976827392578125000e+03,1.260089746093750000e+04
9.000000000000000000e+01,3.242374511718750000e+03,1.547021240234375000e+03
9.100000000000000000e+01,3.354146240234375000e+03,1.487804199218750000e+03
9.200000000000000000e+01,3.885891845703125000e+03,1.911797363281250000e+03
9.300000000000000000e+01,2.961742675781250000e+03,1.351685668945312500e+03
9.400000000000000000e+01,3.867463623046875000e+03,5.484391113281250000e+03
9.500000000000000000e+01,3.356025634765625000e+03,1.423049438476562500e+03
9.600000000000000000e+01,3.848649658203125000e+03,1.526727294921875000e+03
9.700000000000000000e+01,3.515057617187500000e+03,1.443224609375000000e+03
9.800000000000000000e+01,3.714520263671875000e+03,5.020013671875000000e+03
9.900000000000000000e+01,3.071445312500000000e+03,1.639873657226562500e+03
1.000000000000000000e+02,3.281439208984375000e+03,1.399396850585937500e+03
1.010000000000000000e+02,3.069554687500000000e+03,1.335905151367187500e+03
1.020000000000000000e+02,3.287926513671875000e+03,1.384101269531250000e+04
1.030000000000000000e+02,3.384507812500000000e+03,1.315432250976562500e+03
1.040000000000000000e+02,3.301482666015625000e+03,1.551272583007812500e+03
1.050000000000000000e+02,3.256622070312500000e+03,1.304932617187500000e+03
1.060000000000000000e+02,2.948013671875000000e+03,2.207215332031250000e+03
1.070000000000000000e+02,3.505444335937500000e+03,1.992542236328125000e+03
1.080000000000000000e+02,3.170514892578125000e+03,1.367778930664062500e+03
1.090000000000000000e+02,2.826255615234375000e+03,4.609555664062500000e+03
1.100000000000000000e+02,3.171065429687500000e+03,4.195947753906250000e+03
1.110000000000000000e+02,3.115627685546875000e+03,5.547809570312500000e+03
1.120000000000000000e+02,2.936235351562500000e+03,2.340169677734375000e+03
1.130000000000000000e+02,3.214569335937500000e+03,8.041805664062500000e+03
1.140000000000000000e+02,2.966666992187500000e+03,4.447692382812500000e+03
1.150000000000000000e+02,3.027354248046875000e+03,2.420884765625000000e+03
1.160000000000000000e+02,3.232506347656250000e+03,1.828120117187500000e+03
1.170000000000000000e+02,3.206786376953125000e+03,1.617197265625000000e+03
1.180000000000000000e+02,2.816815429687500000e+03,1.687692968750000000e+04
1.190000000000000000e+02,2.979799316406250000e+03,4.534601074218750000e+03
1.200000000000000000e+02,3.176707763671875000e+03,6.924327148437500000e+03
1.210000000000000000e+02,2.819774902343750000e+03,8.129026855468750000e+03
1.220000000000000000e+02,2.703039550781250000e+03,5.292493652343750000e+03
1.230000000000000000e+02,3.409027099609375000e+03,1.591300976562500000e+04
1.240000000000000000e+02,3.050506347656250000e+03,1.300022094726562500e+03
1.250000000000000000e+02,2.476482666015625000e+03,1.289688842773437500e+03
1.260000000000000000e+02,2.911649169921875000e+03,3.085520019531250000e+03
1.270000000000000000e+02,2.898987792968750000e+03,2.667838623046875000e+03
1.280000000000000000e+02,2.867580322265625000e+03,2.154830322265625000e+03
1.290000000000000000e+02,2.456877441406250000e+03,2.452016845703125000e+03
1.300000000000000000e+02,2.815378173828125000e+03,1.893871215820312500e+03
1.310000000000000000e+02,2.505153320312500000e+03,1.599882812500000000e+03
1.320000000000000000e+02,2.623310791015625000e+03,5.843503417968750000e+03
1.330000000000000000e+02,2.721053466796875000e+03,3.985989990234375000e+03
1.340000000000000000e+02,2.678079345703125000e+03,1.254996582031250000e+03
1.350000000000000000e+02,2.834739990234375000e+03,1.269526855468750000e+03
1.360000000000000000e+02,2.334794433593750000e+03,2.289187744140625000e+03
1.370000000000000000e+02,2.757646972656250000e+03,1.297049804687500000e+03
1.380000000000000000e+02,2.889535400390625000e+03,1.380635864257812500e+03
1.390000000000000000e+02,2.652134033203125000e+03,6.215024902343750000e+03
1.400000000000000000e+02,2.662514892578125000e+03,3.232427001953125000e+03
1.410000000000000000e+02,2.740192382812500000e+03,1.992449462890625000e+03
1.420000000000000000e+02,2.293186523437500000e+03,1.426717041015625000e+03
1.430000000000000000e+02,2.694399169921875000e+03,3.010275634765625000e+03
1.440000000000000000e+02,2.695030761718750000e+03,7.282879882812500000e+03
1.450000000000000000e+02,2.459875976562500000e+03,2.898496582031250000e+03
1.460000000000000000e+02,2.750822509765625000e+03,1.501783447265625000e+03
1.470000000000000000e+02,2.423880859375000000e+03,4.626181152343750000e+03
1.480000000000000000e+02,2.782279785156250000e+03,1.245612304687500000e+03
1.490000000000000000e+02,2.455480712890625000e+03,1.479674804687500000e+03
1.500000000000000000e+02,2.958571533203125000e+03,1.498600341796875000e+03
1.510000000000000000e+02,2.533746337890625000e+03,1.309817382812500000e+03
1.520000000000000000e+02,2.494261962890625000e+03,1.253787841796875000e+03
1.530000000000000000e+02,2.630425048828125000e+03,6.055689453125000000e+03
1.540000000000000000e+02,2.295520507812500000e+03,3.811479492187500000e+03
1.550000000000000000e+02,2.659293945312500000e+03,1.892672607421875000e+03
1.560000000000000000e+02,2.198370117187500000e+03,1.216429565429687500e+03
1.570000000000000000e+02,2.469744628906250000e+03,1.336372314453125000e+03
1.580000000000000000e+02,2.235339843750000000e+03,2.183874023437500000e+03
1.590000000000000000e+02,2.549618164062500000e+03,1.254239379882812500e+03
1.600000000000000000e+02,2.544214355468750000e+03,1.225794311523437500e+03
1.610000000000000000e+02,2.377553222656250000e+03,1.234450073242187500e+03
1.620000000000000000e+02,2.317079833984375000e+03,1.206666625976562500e+03
1.630000000000000000e+02,2.343988281250000000e+03,1.943013183593750000e+03
1.640000000000000000e+02,2.473628662109375000e+03,4.828522949218750000e+03
1.650000000000000000e+02,2.661564941406250000e+03,1.212320068359375000e+03
1.660000000000000000e+02,2.037234130859375000e+03,1.205639160156250000e+03
1.670000000000000000e+02,2.249522949218750000e+03,1.547626220703125000e+03
1.680000000000000000e+02,2.320897705078125000e+03,1.196447509765625000e+03
1.690000000000000000e+02,2.614980957031250000e+03,1.887586791992187500e+03
1.700000000000000000e+02,2.449191162109375000e+03,4.387971679687500000e+03
1.710000000000000000e+02,2.118279296875000000e+03,4.596026855468750000e+03
1.720000000000000000e+02,2.348108886718750000e+03,1.262433593750000000e+03
1.730000000000000000e+02,2.371954833984375000e+03,1.188312011718750000e+03
1.740000000000000000e+02,2.423291992187500000e+03,1.379538208007812500e+03
1.750000000000000000e+02,2.639319091796875000e+03,1.233661499023437500e+03
1.760000000000000000e+02,2.015956787109375000e+03,1.198356933593750000e+03
1.770000000000000000e+02,2.311915283203125000e+03,4.436156738281250000e+03
1.780000000000000000e+02,2.157537597656250000e+03,1.449809936523437500e+03
1.790000000000000000e+02,2.345042480468750000e+03,7.756090820312500000e+03
1.800000000000000000e+02,2.279522949218750000e+03,1.809402465820312500e+03
1.810000000000000000e+02,2.234041992187500000e+03,1.185829833984375000e+03
1.820000000000000000e+02,2.421563720703125000e+03,1.248492309570312500e+03
1.830000000000000000e+02,2.249308105468750000e+03,4.614377441406250000e+03
1.840000000000000000e+02,2.252190185546875000e+03,2.897177001953125000e+03
1.850000000000000000e+02,2.087953125000000000e+03,2.921325927734375000e+03
1.860000000000000000e+02,2.233164062500000000e+03,1.204407470703125000e+03
1.870000000000000000e+02,2.083444580078125000e+03,1.241328613281250000e+03
1.880000000000000000e+02,2.331424316406250000e+03,2.835533691406250000e+03
1.890000000000000000e+02,2.370887695312500000e+03,1.557097167968750000e+03
1.900000000000000000e+02,2.170959716796875000e+03,5.596598144531250000e+03
1.910000000000000000e+02,2.045105102539062500e+03,2.616410888671875000e+03
1.920000000000000000e+02,2.220965576171875000e+03,2.935883056640625000e+03
1.930000000000000000e+02,1.993263793945312500e+03,1.753722534179687500e+03
1.940000000000000000e+02,2.226465576171875000e+03,2.590515869140625000e+03
1.950000000000000000e+02,2.440331054687500000e+03,2.694273193359375000e+03
1.960000000000000000e+02,2.120502197265625000e+03,2.381353515625000000e+03
1.970000000000000000e+02,2.387619384765625000e+03,1.692322509765625000e+03
1.980000000000000000e+02,2.314212646484375000e+03,1.577458007812500000e+03
1.990000000000000000e+02,2.340902343750000000e+03,3.303063232421875000e+03
2.000000000000000000e+02,2.014516723632812500e+03,2.030471557617187500e+03
2.010000000000000000e+02,2.158705078125000000e+03,1.183187011718750000e+03
2.020000000000000000e+02,2.315979248046875000e+03,1.311514038085937500e+03
2.030000000000000000e+02,2.115184326171875000e+03,1.190595092773437500e+03
2.040000000000000000e+02,1.964949829101562500e+03,2.171512939453125000e+03
2.050000000000000000e+02,2.104555664062500000e+03,1.612330200195312500e+03
2.060000000000000000e+02,2.198376220703125000e+03,1.581726684570312500e+03
2.070000000000000000e+02,2.164349365234375000e+03,3.516058105468750000e+03
2.080000000000000000e+02,2.134452148437500000e+03,1.691858886718750000e+03
2.090000000000000000e+02,2.264157958984375000e+03,1.190688232421875000e+03
2.100000000000000000e+02,1.999719238281250000e+03,3.350174560546875000e+03
2.110000000000000000e+02,2.323368408203125000e+03,5.826125000000000000e+03
2.120000000000000000e+02,2.106271972656250000e+03,1.190394775390625000e+03
2.130000000000000000e+02,2.059319580078125000e+03,2.603276123046875000e+03
2.140000000000000000e+02,2.302270263671875000e+03,1.250522705078125000e+03
2.150000000000000000e+02,1.594592163085937500e+03,5.012062988281250000e+03
2.160000000000000000e+02,2.263225341796875000e+03,2.148233154296875000e+03
2.170000000000000000e+02,1.859763183593750000e+03,1.400612182617187500e+03
2.180000000000000000e+02,2.043144897460937500e+03,1.215041015625000000e+03
2.190000000000000000e+02,1.719398681640625000e+03,1.129224365234375000e+03
2.200000000000000000e+02,2.193224609375000000e+03,1.276246215820312500e+03
2.210000000000000000e+02,1.955909667968750000e+03,7.183693847656250000e+03
2.220000000000000000e+02,2.123539306640625000e+03,1.143563598632812500e+03
2.230000000000000000e+02,1.907628540039062500e+03,1.149464599609375000e+03
2.240000000000000000e+02,1.868105468750000000e+03,2.032781127929687500e+03
2.250000000000000000e+02,1.992024902343750000e+03,2.724032714843750000e+03
2.260000000000000000e+02,1.967686889648437500e+03,1.149810791015625000e+03
2.270000000000000000e+02,1.824654174804687500e+03,1.362758422851562500e+03
2.280000000000000000e+02,2.012544189453125000e+03,1.480392211914062500e+03
2.290000000000000000e+02,1.906848510742187500e+03,1.390793090820312500e+03
2.300000000000000000e+02,2.120203369140625000e+03,4.587564941406250000e+03
2.310000000000000000e+02,1.777951293945312500e+03,1.243630004882812500e+03
2.320000000000000000e+02,2.048882568359375000e+03,1.451519165039062500e+03
2.330000000000000000e+02,1.925607543945312500e+03,1.124433837890625000e+03
2.340000000000000000e+02,1.822127685546875000e+03,1.188167358398437500e+03
2.350000000000000000e+02,1.970134765625000000e+03,1.553958862304687500e+03
2.360000000000000000e+02,2.134848632812500000e+03,1.505612670898437500e+03
2.370000000000000000e+02,1.779736816406250000e+03,1.181393066406250000e+03
2.380000000000000000e+02,1.949614990234375000e+03,1.114716186523437500e+03
2.390000000000000000e+02,1.842354370117187500e+03,1.092948242187500000e+03
2.400000000000000000e+02,1.994219604492187500e+03,1.292934570312500000e+03
2.410000000000000000e+02,2.007567871093750000e+03,6.686914550781250000e+03
2.420000000000000000e+02,1.995251342773437500e+03,1.100933837890625000e+03
2.430000000000000000e+02,1.863042114257812500e+03,3.917226806640625000e+03
2.440000000000000000e+02,1.962739135742187500e+03,1.720166015625000000e+03
2.450000000000000000e+02,1.998251342773437500e+03,3.764449951171875000e+03
2.460000000000000000e+02,2.113191650390625000e+03,1.086792724609375000e+03
2.470000000000000000e+02,1.965676147460937500e+03,1.251518554687500000e+03
2.480000000000000000e+02,1.759811645507812500e+03,1.140117919921875000e+03
2.490000000000000000e+02,1.966696411132812500e+03,3.685541748046875000e+03
2.500000000000000000e+02,1.881054931640625000e+03,1.566553344726562500e+03
2.510000000000000000e+02,1.897886596679687500e+03,2.561467529296875000e+03
2.520000000000000000e+02,2.006209838867187500e+03,4.639746093750000000e+03
2.530000000000000000e+02,1.807914184570312500e+03,1.084137207031250000e+03
2.540000000000000000e+02,1.731162841796875000e+03,3.056054443359375000e+03
2.550000000000000000e+02,1.989794799804687500e+03,1.205008178710937500e+03
2.560000000000000000e+02,1.966096313476562500e+03,1.084682861328125000e+03
2.570000000000000000e+02,1.753360839843750000e+03,2.548416748046875000e+03
2.580000000000000000e+02,1.809399536132812500e+03,6.820005371093750000e+03
2.590000000000000000e+02,1.818597167968750000e+03,1.469180786132812500e+03
2.600000000000000000e+02,1.838313598632812500e+03,7.859854980468750000e+03
2.610000000000000000e+02,1.944454467773437500e+03,1.161718261718750000e+03
2.620000000000000000e+02,1.699458740234375000e+03,2.055635742187500000e+03
2.630000000000000000e+02,1.727870239257812500e+03,5.668793457031250000e+03
2.640000000000000000e+02,1.890347290039062500e+03,1.231231323242187500e+03
2.650000000000000000e+02,1.719545654296875000e+03,1.289949218750000000e+03
2.660000000000000000e+02,1.813461181640625000e+03,1.431550659179687500e+03
2.670000000000000000e+02,1.891817138671875000e+03,1.100701538085937500e+03
2.680000000000000000e+02,1.989640625000000000e+03,1.826040771484375000e+03
2.690000000000000000e+02,1.645891479492187500e+03,1.209545654296875000e+03
2.700000000000000000e+02,1.896299804687500000e+03,7.306520996093750000e+03
2.710000000000000000e+02,1.669544189453125000e+03,3.250311035156250000e+03
2.720000000000000000e+02,1.833873901367187500e+03,1.091741088867187500e+03
2.730000000000000000e+02,1.605857910156250000e+03,4.178698242187500000e+03
2.740000000000000000e+02,1.698780761718750000e+03,1.231876831054687500e+03
2.750000000000000000e+02,1.819624877929687500e+03,1.358858032226562500e+03
2.760000000000000000e+02,1.751669799804687500e+03,1.121378417968750000e+03
2.770000000000000000e+02,1.879753906250000000e+03,1.384077148437500000e+03
2.780000000000000000e+02,1.641956054687500000e+03,1.538536987304687500e+03
2.790000000000000000e+02,1.802660766601562500e+03,1.069502197265625000e+03
2.800000000000000000e+02,2.004935546875000000e+03,1.099949462890625000e+03
2.810000000000000000e+02,1.504129150390625000e+03,1.174537719726562500e+03
2.820000000000000000e+02,1.746722290039062500e+03,1.218238769531250000e+03
2.830000000000000000e+02,1.579122436523437500e+03,1.077247436523437500e+03
2.840000000000000000e+02,1.907442749023437500e+03,1.644677124023437500e+03
2.850000000000000000e+02,1.860160766601562500e+03,4.828182128906250000e+03
2.860000000000000000e+02,1.474038208007812500e+03,1.790916137695312500e+03
2.870000000000000000e+02,1.756266235351562500e+03,2.750676757812500000e+03
2.880000000000000000e+02,1.562007446289062500e+03,1.416168212890625000e+03
2.890000000000000000e+02,1.769527221679687500e+03,1.057410400390625000e+03
2.900000000000000000e+02,1.646058227539062500e+03,1.057390136718750000e+03
2.910000000000000000e+02,1.633272338867187500e+03,1.407543457031250000e+03
2.920000000000000000e+02,1.721861450195312500e+03,1.060156860351562500e+03
2.930000000000000000e+02,1.722497314453125000e+03,1.227480712890625000e+03
2.940000000000000000e+02,1.533563232421875000e+03,2.798443603515625000e+03
2.950000000000000000e+02,1.592029418945312500e+03,1.067621582031250000e+03
2.960000000000000000e+02,1.564742797851562500e+03,1.742205688476562500e+03
2.970000000000000000e+02,1.802290527343750000e+03,1.631189941406250000e+03
2.980000000000000000e+02,1.999534790039062500e+03,1.060870483398437500e+03
2.990000000000000000e+02,1.462608886718750000e+03,1.563513061523437500e+03
3.000000000000000000e+02,1.531067260742187500e+03,1.112121704101562500e+03
3.010000000000000000e+02,1.760442993164062500e+03,1.082112182617187500e+03
3.020000000000000000e+02,1.687974121093750000e+03,1.051535278320312500e+03
3.030000000000000000e+02,1.565327514648437500e+03,1.472087036132812500e+03
3.040000000000000000e+02,1.675486450195312500e+03,3.219638183593750000e+03
3.050000000000000000e+02,1.606746337890625000e+03,1.494703979492187500e+03
3.060000000000000000e+02,1.591668334960937500e+03,1.315278808593750000e+03
3.070000000000000000e+02,1.590206542968750000e+03,1.061982788085937500e+03
3.080000000000000000e+02,1.487166992187500000e+03,2.467683837890625000e+03
3.090000000000000000e+02,1.450631591796875000e+03,2.654511718750000000e+03
3.100000000000000000e+02,1.604429565429687500e+03,1.052313232421875000e+03
3.110000000000000000e+02,1.537762207031250000e+03,1.854635375976562500e+03
3.120000000000000000e+02,1.567129638671875000e+03,1.246320068359375000e+03
3.130000000000000000e+02,1.546868896484375000e+03,1.433400390625000000e+03
3.140000000000000000e+02,1.303871826171875000e+03,5.623792480468750000e+03
3.150000000000000000e+02,1.574734130859375000e+03,1.082150634765625000e+03
3.160000000000000000e+02,1.535215576171875000e+03,1.394430175781250000e+03
3.170000000000000000e+02,1.467094848632812500e+03,1.528669311523437500e+03
3.180000000000000000e+02,1.804708129882812500e+03,2.273590820312500000e+03
3.190000000000000000e+02,1.600603759765625000e+03,1.077982421875000000e+03
3.200000000000000000e+02,1.394036743164062500e+03,3.120653564453125000e+03
3.210000000000000000e+02,1.507763061523437500e+03,2.970188476562500000e+03
3.220000000000000000e+02,1.507540771484375000e+03,1.176324829101562500e+03
3.230000000000000000e+02,1.518067993164062500e+03,1.240343872070312500e+03
3.240000000000000000e+02,1.727835815429687500e+03,1.172748779296875000e+03
3.250000000000000000e+02,1.539685668945312500e+03,1.801049804687500000e+03
3.260000000000000000e+02,1.483948242187500000e+03,3.535327148437500000e+03
3.270000000000000000e+02,1.635139160156250000e+03,1.099516967773437500e+03
3.280000000000000000e+02,1.448688110351562500e+03,1.915785034179687500e+03
3.290000000000000000e+02,1.480083129882812500e+03,2.148154785156250000e+03
3.300000000000000000e+02,1.436862182617187500e+03,1.295746093750000000e+03
3.310000000000000000e+02,1.567569946289062500e+03,1.910224487304687500e+03
3.320000000000000000e+02,1.450122070312500000e+03,1.080082031250000000e+03
3.330000000000000000e+02,1.460545410156250000e+03,3.214276367187500000e+03
3.340000000000000000e+02,1.528075683593750000e+03,1.783296142578125000e+03
3.350000000000000000e+02,1.569194824218750000e+03,1.497704467773437500e+03
3.360000000000000000e+02,1.462261962890625000e+03,1.376278442382812500e+03
3.370000000000000000e+02,1.455988647460937500e+03,1.035796752929687500e+03
3.380000000000000000e+02,1.478917968750000000e+03,3.110566650390625000e+03
3.390000000000000000e+02,1.392390869140625000e+03,1.952815429687500000e+03
3.400000000000000000e+02,1.617434936523437500e+03,1.076579833984375000e+03
3.410000000000000000e+02,1.494546752929687500e+03,3.371693115234375000e+03
3.420000000000000000e+02,1.255254882812500000e+03,2.058328369140625000e+03
3.430000000000000000e+02,1.528815429687500000e+03,1.956369384765625000e+03
3.440000000000000000e+02,1.461276489257812500e+03,3.848469726562500000e+03
3.450000000000000000e+02,1.477744384765625000e+03,1.463206420898437500e+03
3.460000000000000000e+02,1.382252075195312500e+03,2.148441406250000000e+03
3.470000000000000000e+02,1.409131347656250000e+03,2.831741943359375000e+03
3.480000000000000000e+02,1.427619140625000000e+03,4.849135253906250000e+03
3.490000000000000000e+02,1.426386352539062500e+03,1.295162231445312500e+03
3.500000000000000000e+02,1.405190307617187500e+03,2.644505126953125000e+03
3.510000000000000000e+02,1.316519653320312500e+03,1.374854248046875000e+03
3.520000000000000000e+02,1.567363647460937500e+03,2.311042724609375000e+03
3.530000000000000000e+02,1.804404174804687500e+03,1.327193115234375000e+03
3.540000000000000000e+02,1.261767578125000000e+03,3.287139892578125000e+03
3.550000000000000000e+02,1.505797119140625000e+03,1.251960449218750000e+03
3.560000000000000000e+02,1.468821289062500000e+03,3.794740722656250000e+03
3.570000000000000000e+02,1.397610717773437500e+03,2.389158447265625000e+03
3.580000000000000000e+02,1.278702026367187500e+03,4.814083984375000000e+03
3.590000000000000000e+02,1.396479614257812500e+03,1.075965820312500000e+03
3.600000000000000000e+02,1.318435668945312500e+03,1.448150024414062500e+03
3.610000000000000000e+02,1.304687255859375000e+03,1.202558105468750000e+03
3.620000000000000000e+02,1.283675537109375000e+03,1.180338989257812500e+03
3.630000000000000000e+02,1.392733032226562500e+03,1.059907104492187500e+03
3.640000000000000000e+02,1.236961181640625000e+03,1.064469726562500000e+03
3.650000000000000000e+02,1.272378906250000000e+03,7.850081054687500000e+03
3.660000000000000000e+02,1.381509765625000000e+03,1.940135375976562500e+03
3.670000000000000000e+02,1.301414916992187500e+03,1.790758911132812500e+03
3.680000000000000000e+02,1.350880004882812500e+03,1.089721313476562500e+03
3.690000000000000000e+02,1.280744628906250000e+03,1.322063842773437500e+03
3.700000000000000000e+02,1.251031250000000000e+03,1.406358764648437500e+03
3.710000000000000000e+02,1.339471435546875000e+03,1.042291748046875000e+03
3.720000000000000000e+02,1.258610839843750000e+03,1.312702026367187500e+03
3.730000000000000000e+02,1.383974731445312500e+03,5.315220214843750000e+03
3.740000000000000000e+02,1.434339477539062500e+03,1.032228393554687500e+03
3.750000000000000000e+02,1.387157104492187500e+03,2.123604248046875000e+03
3.760000000000000000e+02,1.318556152343750000e+03,1.416649780273437500e+03
3.770000000000000000e+02,1.201624389648437500e+03,1.589369384765625000e+03
3.780000000000000000e+02,1.355338378906250000e+03,1.098016357421875000e+03
3.790000000000000000e+02,1.213345336914062500e+03,1.231934204101562500e+03
3.800000000000000000e+02,1.384123657226562500e+03,1.028408447265625000e+03
3.810000000000000000e+02,1.148709472656250000e+03,1.402444335937500000e+03
3.820000000000000000e+02,1.347516723632812500e+03,1.518569213867187500e+03
3.830000000000000000e+02,1.331226806640625000e+03,1.065664672851562500e+03
3.840000000000000000e+02,1.339267211914062500e+03,1.043795776367187500e+03
3.850000000000000000e+02,1.272792602539062500e+03,1.044421752929687500e+03
3.860000000000000000e+02,1.190566162109375000e+03,1.951699096679687500e+03
3.870000000000000000e+02,1.291220336914062500e+03,1.112776489257812500e+03
3.880000000000000000e+02,1.188496093750000000e+03,1.176141845703125000e+03
3.890000000000000000e+02,1.422310058593750000e+03,1.032912109375000000e+03
3.900000000000000000e+02,1.367681640625000000e+03,1.472417480468750000e+03
3.910000000000000000e+02,1.398130004882812500e+03,1.241027954101562500e+03
3.920000000000000000e+02,1.303776245117187500e+03,3.109318847656250000e+03
3.930000000000000000e+02,1.172431152343750000e+03,1.090555786132812500e+03
3.940000000000000000e+02,1.312152221679687500e+03,2.341167968750000000e+03
3.950000000000000000e+02,1.304034790039062500e+03,1.053798217773437500e+03
3.960000000000000000e+02,1.087745971679687500e+03,3.341346923828125000e+03
3.970000000000000000e+02,1.390799804687500000e+03,1.063337646484375000e+03
3.980000000000000000e+02,1.321501342773437500e+03,1.018615112304687500e+03
3.990000000000000000e+02,1.068744750976562500e+03,1.026072998046875000e+03
4.000000000000000000e+02,1.370054077148437500e+03,3.170608642578125000e+03
4.010000000000000000e+02,1.178972290039062500e+03,2.270816894531250000e+03
4.020000000000000000e+02,1.207046020507812500e+03,1.721784667968750000e+03
4.030000000000000000e+02,1.186365966796875000e+03,2.442840332031250000e+03
4.040000000000000000e+02,1.228529052734375000e+03,2.551184814453125000e+03
4.050000000000000000e+02,1.235878662109375000e+03,1.020428283691406250e+03
4.060000000000000000e+02,1.371129028320312500e+03,1.111298583984375000e+03
4.070000000000000000e+02,1.236361206054687500e+03,1.541586669921875000e+03
4.080000000000000000e+02,1.249394897460937500e+03,1.995651855468750000e+03
4.090000000000000000e+02,1.252983154296875000e+03,2.202417236328125000e+03
4.100000000000000000e+02,9.997449340820312500e+02,1.152300659179687500e+03
4.110000000000000000e+02,1.166153564453125000e+03,1.123903198242187500e+03
4.120000000000000000e+02,1.159798828125000000e+03,1.084013549804687500e+03
4.130000000000000000e+02,1.271585449218750000e+03,3.470544433593750000e+03
4.140000000000000000e+02,1.172484375000000000e+03,1.043301635742187500e+03
4.150000000000000000e+02,1.211510375976562500e+03,1.025020874023437500e+03
4.160000000000000000e+02,1.065250000000000000e+03,1.053987548828125000e+03
4.170000000000000000e+02,1.212358154296875000e+03,1.316895019531250000e+03
4.180000000000000000e+02,1.288789184570312500e+03,1.206882934570312500e+03
4.190000000000000000e+02,1.311150878906250000e+03,1.084291259765625000e+03
4.200000000000000000e+02,1.199626098632812500e+03,1.191072875976562500e+03
4.210000000000000000e+02,1.119045410156250000e+03,1.666035766601562500e+03
4.220000000000000000e+02,1.156270385742187500e+03,2.017312377929687500e+03
4.230000000000000000e+02,1.137763793945312500e+03,1.943936401367187500e+03
4.240000000000000000e+02,1.119162231445312500e+03,1.019172241210937500e+03
4.250000000000000000e+02,1.139984619140625000e+03,1.052223876953125000e+03
4.260000000000000000e+02,1.321436279296875000e+03,2.074590332031250000e+03
4.270000000000000000e+02,9.824024658203125000e+02,1.019599060058593750e+03
4.280000000000000000e+02,1.167755615234375000e+03,1.534327758789062500e+03
4.290000000000000000e+02,1.191536132812500000e+03,1.405136230468750000e+03
4.300000000000000000e+02,1.127576904296875000e+03,1.090377563476562500e+03
4.310000000000000000e+02,1.033288452148437500e+03,1.009202087402343750e+03
4.320000000000000000e+02,1.217030639648437500e+03,1.047278808593750000e+03
4.330000000000000000e+02,1.204995727539062500e+03,1.011088134765625000e+03
4.340000000000000000e+02,9.915563964843750000e+02,1.426040039062500000e+03
4.350000000000000000e+02,1.108908691406250000e+03,1.043369750976562500e+03
4.360000000000000000e+02,1.159178833007812500e+03,1.349927612304687500e+03
4.370000000000000000e+02,1.286882324218750000e+03,1.029001708984375000e+03
4.380000000000000000e+02,1.211778808593750000e+03,1.229255981445312500e+03
4.390000000000000000e+02,1.125643676757812500e+03,1.689944946289062500e+03
4.400000000000000000e+02,1.172225219726562500e+03,3.365958251953125000e+03
4.410000000000000000e+02,1.103333374023437500e+03,1.384283081054687500e+03
4.420000000000000000e+02,1.088741088867187500e+03,1.602828979492187500e+03
4.430000000000000000e+02,1.087871459960937500e+03,3.427071533203125000e+03
4.440000000000000000e+02,1.240376586914062500e+03,1.783155151367187500e+03
4.450000000000000000e+02,9.988869628906250000e+02,1.009818664550781250e+03
4.460000000000000000e+02,9.552273559570312500e+02,1.032677490234375000e+03
4.470000000000000000e+02,1.118211181640625000e+03,1.872568603515625000e+03
4.480000000000000000e+02,1.212953613281250000e+03,2.860422119140625000e+03
4.490000000000000000e+02,1.088676513671875000e+03,1.556557983398437500e+03
4.500000000000000000e+02,1.252883056640625000e+03,1.009173767089843750e+03
4.510000000000000000e+02,1.095876220703125000e+03,1.299643920898437500e+03
4.520000000000000000e+02,1.113888305664062500e+03,1.023265380859375000e+03
4.530000000000000000e+02,1.113660400390625000e+03,2.268259765625000000e+03
4.540000000000000000e+02,1.140764038085937500e+03,1.581910034179687500e+03
4.550000000000000000e+02,1.011577392578125000e+03,1.077787353515625000e+03
4.560000000000000000e+02,1.056593994140625000e+03,1.070332519531250000e+03
4.570000000000000000e+02,1.092402221679687500e+03,1.266282714843750000e+03
4.580000000000000000e+02,1.273021606445312500e+03,1.018577087402343750e+03
4.590000000000000000e+02,8.923046875000000000e+02,1.030660888671875000e+03
4.600000000000000000e+02,1.206322143554687500e+03,1.413219238281250000e+03
4.610000000000000000e+02,1.123179199218750000e+03,3.316386474609375000e+03
4.620000000000000000e+02,1.016276123046875000e+03,1.084244018554687500e+03
4.630000000000000000e+02,1.135496337890625000e+03,1.142186401367187500e+03
4.640000000000000000e+02,1.040201049804687500e+03,1.027079345703125000e+03
4.650000000000000000e+02,1.012540283203125000e+03,1.022907348632812500e+03
4.660000000000000000e+02,1.159530761718750000e+03,1.437450073242187500e+03
4.670000000000000000e+02,1.005284423828125000e+03,1.763728759765625000e+03
4.680000000000000000e+02,1.032722900390625000e+03,1.281649414062500000e+03
4.690000000000000000e+02,1.012868591308593750e+03,1.078225585937500000e+03
4.700000000000000000e+02,1.016940246582031250e+03,1.067037719726562500e+03
4.710000000000000000e+02,1.287197265625000000e+03,1.169318603515625000e+03
4.720000000000000000e+02,1.231229736328125000e+03,1.085487792968750000e+03
4.730000000000000000e+02,1.295520629882812500e+03,1.014008361816406250e+03
4.740000000000000000e+02,1.103660766601562500e+03,1.113361572265625000e+03
4.750000000000000000e+02,1.131120361328125000e+03,1.325481445312500000e+03
4.760000000000000000e+02,1.244829101562500000e+03,1.152497436523437500e+03
4.770000000000000000e+02,1.196787597656250000e+03,9.914541625976562500e+02
4.780000000000000000e+02,1.257284423828125000e+03,1.037546508789062500e+03
4.790000000000000000e+02,1.180136230468750000e+03,9.948255004882812500e+02
4.800000000000000000e+02,1.154463500976562500e+03,1.486531982421875000e+03
4.810000000000000000e+02,1.123372802734375000e+03,1.057634521484375000e+03
4.820000000000000000e+02,9.885651855468750000e+02,1.136677734375000000e+03
4.830000000000000000e+02,1.121328979492187500e+03,2.823449707031250000e+03
4.840000000000000000e+02,1.182718261718750000e+03,2.064107910156250000e+03
4.850000000000000000e+02,1.170336547851562500e+03,1.334057983398437500e+03
4.860000000000000000e+02,1.038872558593750000e+03,1.268757934570312500e+03
4.870000000000000000e+02,1.063672119140625000e+03,1.212405761718750000e+03
4.880000000000000000e+02,1.172076171875000000e+03,5.782644042968750000e+03
4.890000000000000000e+02,1.164773437500000000e+03,1.260457519531250000e+03
4.900000000000000000e+02,1.114037719726562500e+03,1.453170898437500000e+03
4.910000000000000000e+02,1.121442871093750000e+03,1.375759155273437500e+03
4.920000000000000000e+02,9.296644897460937500e+02,1.015455383300781250e+03
4.930000000000000000e+02,1.036593994140625000e+03,2.133480224609375000e+03
4.940000000000000000e+02,1.179903930664062500e+03,1.869367675781250000e+03
4.950000000000000000e+02,1.063265869140625000e+03,2.650327392578125000e+03
4.960000000000000000e+02,1.138592529296875000e+03,9.787610473632812500e+02
4.970000000000000000e+02,1.074636962890625000e+03,2.102019775390625000e+03
4.980000000000000000e+02,1.099364868164062500e+03,1.078818359375000000e+03
4.990000000000000000e+02,1.117196044921875000e+03,1.112172729492187500e+03
5.000000000000000000e+02,9.449123535156250000e+02,1.000506164550781250e+03
5.010000000000000000e+02,1.013903137207031250e+03,9.875300292968750000e+02
5.020000000000000000e+02,9.606138916015625000e+02,1.644136596679687500e+03
5.030000000000000000e+02,1.064025634765625000e+03,1.715536254882812500e+03
5.040000000000000000e+02,1.078254638671875000e+03,1.418918334960937500e+03
5.050000000000000000e+02,1.013725463867187500e+03,1.080588256835937500e+03
5.060000000000000000e+02,9.398009033203125000e+02,9.910000610351562500e+02
5.070000000000000000e+02,1.063918212890625000e+03,1.025065795898437500e+03
5.080000000000000000e+02,9.941765747070312500e+02,2.362039306640625000e+03
5.090000000000000000e+02,1.074170166015625000e+03,1.074643920898437500e+03
5.100000000000000000e+02,1.165675048828125000e+03,1.045691894531250000e+03
5.110000000000000000e+02,9.977653198242187500e+02,9.772791748046875000e+02
5.120000000000000000e+02,8.728616943359375000e+02,9.878427734375000000e+02
5.130000000000000000e+02,8.830882568359375000e+02,2.301739990234375000e+03
5.140000000000000000e+02,1.088738403320312500e+03,9.829832763671875000e+02
5.150000000000000000e+02,1.044868408203125000e+03,1.358508544921875000e+03
5.160000000000000000e+02,9.846986694335937500e+02,1.052709350585937500e+03
5.170000000000000000e+02,9.961977539062500000e+02,1.193493164062500000e+03
5.180000000000000000e+02,9.624761352539062500e+02,3.458885009765625000e+03
5.190000000000000000e+02,9.562211914062500000e+02,1.073429931640625000e+03
5.200000000000000000e+02,1.034578735351562500e+03,1.151664794921875000e+03
5.210000000000000000e+02,9.131371459960937500e+02,1.269046386718750000e+03
5.220000000000000000e+02,1.118651733398437500e+03,1.045961791992187500e+03
5.230000000000000000e+02,9.773923950195312500e+02,1.367632324218750000e+03
5.240000000000000000e+02,1.014921936035156250e+03,1.006847595214843750e+03
5.250000000000000000e+02,9.478729248046875000e+02,9.784603271484375000e+02
5.260000000000000000e+02,1.056667846679687500e+03,1.002635314941406250e+03
5.270000000000000000e+02,9.505730590820312500e+02,3.749353515625000000e+03
5.280000000000000000e+02,1.009960571289062500e+03,1.084105590820312500e+03
5.290000000000000000e+02,9.860795898437500000e+02,1.327057006835937500e+03
5.300000000000000000e+02,9.592755126953125000e+02,3.587268066406250000e+03
5.310000000000000000e+02,9.188283691406250000e+02,1.168386718750000000e+03
5.320000000000000000e+02,1.013945251464843750e+03,1.170406250000000000e+03
5.330000000000000000e+02,8.327370605468750000e+02,1.063733032226562500e+03
5.340000000000000000e+02,8.968213500976562500e+02,2.352827880859375000e+03
5.350000000000000000e+02,9.622180175781250000e+02,1.455151855468750000e+03
5.360000000000000000e+02,8.725756225585937500e+02,1.480666870117187500e+03
5.370000000000000000e+02,8.948087158203125000e+02,1.481527099609375000e+03
5.380000000000000000e+02,9.207222290039062500e+02,1.074821655273437500e+03
5.390000000000000000e+02,9.081072998046875000e+02,4.240968750000000000e+03
5.400000000000000000e+02,9.347979736328125000e+02,9.864249877929687500e+02
5.410000000000000000e+02,9.341657714843750000e+02,1.286967285156250000e+03
5.420000000000000000e+02,8.444018554687500000e+02,1.169741088867187500e+03
5.430000000000000000e+02,8.680570678710937500e+02,1.195763061523437500e+03
5.440000000000000000e+02,8.401286621093750000e+02,1.169498901367187500e+03
5.450000000000000000e+02,8.908220214843750000e+02,1.136983886718750000e+03
5.460000000000000000e+02,8.192731323242187500e+02,1.540818115234375000e+03
5.470000000000000000e+02,9.764426879882812500e+02,9.875129394531250000e+02
5.480000000000000000e+02,8.995146484375000000e+02,1.064957641601562500e+03
5.490000000000000000e+02,9.134702148437500000e+02,1.122277587890625000e+03
5.500000000000000000e+02,8.621687622070312500e+02,9.988669433593750000e+02
5.510000000000000000e+02,9.151959838867187500e+02,1.339934936523437500e+03
5.520000000000000000e+02,8.406695556640625000e+02,1.157779296875000000e+03
5.530000000000000000e+02,8.723137207031250000e+02,1.087815307617187500e+03
5.540000000000000000e+02,1.036270751953125000e+03,1.017026550292968750e+03
5.550000000000000000e+02,8.957836303710937500e+02,9.858490600585937500e+02
5.560000000000000000e+02,8.637823486328125000e+02,9.869477539062500000e+02
5.570000000000000000e+02,8.521290893554687500e+02,1.208366699218750000e+03
5.580000000000000000e+02,9.339901123046875000e+02,1.022933349609375000e+03
5.590000000000000000e+02,7.815627441406250000e+02,1.194408691406250000e+03
5.600000000000000000e+02,8.952947998046875000e+02,1.266401977539062500e+03
5.610000000000000000e+02,9.549368896484375000e+02,1.033781982421875000e+03
5.620000000000000000e+02,1.037457275390625000e+03,1.005811950683593750e+03
5.630000000000000000e+02,1.050527343750000000e+03,1.627315673828125000e+03
5.640000000000000000e+02,8.991118164062500000e+02,1.068377075195312500e+03
5.650000000000000000e+02,8.637130737304687500e+02,1.097109008789062500e+03
5.660000000000000000e+02,9.255684814453125000e+02,1.045556884765625000e+03
5.670000000000000000e+02,8.179515380859375000e+02,1.104286254882812500e+03
5.680000000000000000e+02,1.031065795898437500e+03,1.034933715820312500e+03
5.690000000000000000e+02,9.084163208007812500e+02,1.099831420898437500e+03
5.700000000000000000e+02,8.350648803710937500e+02,1.084564697265625000e+03
5.710000000000000000e+02,9.317271728515625000e+02,1.008746276855468750e+03
5.720000000000000000e+02,1.023475341796875000e+03,1.025846679687500000e+03
5.730000000000000000e+02,9.047239379882812500e+02,2.189298339843750000e+03
5.740000000000000000e+02,1.044347656250000000e+03,1.056231201171875000e+03
5.750000000000000000e+02,9.298996582031250000e+02,9.914477539062500000e+02
5.760000000000000000e+02,1.010182800292968750e+03,1.114498291015625000e+03
5.770000000000000000e+02,9.112161254882812500e+02,9.934117431640625000e+02
5.780000000000000000e+02,8.264475708007812500e+02,9.805798339843750000e+02
5.790000000000000000e+02,8.234011230468750000e+02,1.708010375976562500e+03
5.800000000000000000e+02,9.285999755859375000e+02,1.006289306640625000e+03
5.810000000000000000e+02,9.128012695312500000e+02,1.302014282226562500e+03
5.820000000000000000e+02,9.430038452148437500e+02,2.534733642578125000e+03
5.830000000000000000e+02,9.143736572265625000e+02,1.609041870117187500e+03
5.840000000000000000e+02,8.364752807617187500e+02,1.256649047851562500e+03
5.850000000000000000e+02,7.910885620117187500e+02,1.348578857421875000e+03
5.860000000000000000e+02,1.014921264648437500e+03,2.853790527343750000e+03
5.870000000000000000e+02,9.084137573242187500e+02,1.123948486328125000e+03
5.880000000000000000e+02,9.113931274414062500e+02,1.745203491210937500e+03
5.890000000000000000e+02,9.195781860351562500e+02,2.191446777343750000e+03
5.900000000000000000e+02,8.893319091796875000e+02,1.067968627929687500e+03
5.910000000000000000e+02,9.135567016601562500e+02,9.839342041015625000e+02
5.920000000000000000e+02,8.821455078125000000e+02,1.094883056640625000e+03
5.930000000000000000e+02,8.490056762695312500e+02,2.883259277343750000e+03
5.940000000000000000e+02,8.397078857421875000e+02,1.100100952148437500e+03
5.950000000000000000e+02,8.779907226562500000e+02,9.800040893554687500e+02
5.960000000000000000e+02,8.457761230468750000e+02,2.418892822265625000e+03
5.970000000000000000e+02,8.926929931640625000e+02,1.063403686523437500e+03
5.980000000000000000e+02,8.972055664062500000e+02,1.003631103515625000e+03
5.990000000000000000e+02,7.868149414062500000e+02,1.070726928710937500e+03
6.000000000000000000e+02,8.527758178710937500e+02,1.327876098632812500e+03
6.010000000000000000e+02,9.507013549804687500e+02,1.025581298828125000e+03
6.020000000000000000e+02,8.683270263671875000e+02,2.163501220703125000e+03
6.030000000000000000e+02,8.676166381835937500e+02,9.865385131835937500e+02
6.040000000000000000e+02,9.030119018554687500e+02,1.229301757812500000e+03
6.050000000000000000e+02,9.099533691406250000e+02,9.946091308593750000e+02
6.060000000000000000e+02,9.153414306640625000e+02,1.063057495117187500e+03
6.070000000000000000e+02,8.368173217773437500e+02,1.573864257812500000e+03
6.080000000000000000e+02,7.990041503906250000e+02,1.001942626953125000e+03
6.090000000000000000e+02,7.932431640625000000e+02,1.063849975585937500e+03
6.100000000000000000e+02,9.286131591796875000e+02,1.268752807617187500e+03
6.110000000000000000e+02,7.951375122070312500e+02,1.799944580078125000e+03
6.120000000000000000e+02,9.791185302734375000e+02,3.525616943359375000e+03
6.130000000000000000e+02,9.220192871093750000e+02,1.785878295898437500e+03
6.140000000000000000e+02,8.764598388671875000e+02,1.739666015625000000e+03
6.150000000000000000e+02,9.466307983398437500e+02,1.161189208984375000e+03
6.160000000000000000e+02,7.962852172851562500e+02,9.969497680664062500e+02
6.170000000000000000e+02,8.317988281250000000e+02,2.110745605468750000e+03
6.180000000000000000e+02,1.014377807617187500e+03,1.029846435546875000e+03
6.190000000000000000e+02,9.638234863281250000e+02,1.692530395507812500e+03
6.200000000000000000e+02,8.674462280273437500e+02,1.063409423828125000e+03
6.210000000000000000e+02,8.853601074218750000e+02,1.174679687500000000e+03
6.220000000000000000e+02,8.912451782226562500e+02,1.138701171875000000e+03
6.230000000000000000e+02,8.090830078125000000e+02,9.880744628906250000e+02
6.240000000000000000e+02,8.498308715820312500e+02,1.775539184570312500e+03
6.250000000000000000e+02,7.930166625976562500e+02,1.084520019531250000e+03
6.260000000000000000e+02,8.000685424804687500e+02,1.859842163085937500e+03
6.270000000000000000e+02,1.028970703125000000e+03,1.042274047851562500e+03
6.280000000000000000e+02,8.647536010742187500e+02,1.293245605468750000e+03
6.290000000000000000e+02,7.045539550781250000e+02,9.731907348632812500e+02
6.300000000000000000e+02,8.996145629882812500e+02,9.823030395507812500e+02
6.310000000000000000e+02,8.410173339843750000e+02,3.593873535156250000e+03
6.320000000000000000e+02,1.087296386718750000e+03,1.023950256347656250e+03
6.330000000000000000e+02,9.484577636718750000e+02,2.955738525390625000e+03
6.340000000000000000e+02,9.366264648437500000e+02,1.040653076171875000e+03
6.350000000000000000e+02,8.729390869140625000e+02,1.054372680664062500e+03
6.360000000000000000e+02,8.939495239257812500e+02,1.719616455078125000e+03
6.370000000000000000e+02,9.080881958007812500e+02,1.191499267578125000e+03
6.380000000000000000e+02,8.937718505859375000e+02,2.344550292968750000e+03
6.390000000000000000e+02,9.782805786132812500e+02,9.781114501953125000e+02
6.400000000000000000e+02,9.016915283203125000e+02,3.391683349609375000e+03
6.410000000000000000e+02,8.868946533203125000e+02,9.751252441406250000e+02
6.420000000000000000e+02,8.535233154296875000e+02,1.680122558593750000e+03
6.430000000000000000e+02,1.004924133300781250e+03,1.164822265625000000e+03
6.440000000000000000e+02,9.544486694335937500e+02,9.657733764648437500e+02
6.450000000000000000e+02,8.027704467773437500e+02,1.977668945312500000e+03
6.460000000000000000e+02,8.582901000976562500e+02,9.598126831054687500e+02
6.470000000000000000e+02,8.058800659179687500e+02,1.123577148437500000e+03
6.480000000000000000e+02,9.587866821289062500e+02,1.070413574218750000e+03
6.490000000000000000e+02,8.452858886718750000e+02,1.508903442382812500e+03
6.500000000000000000e+02,8.135541381835937500e+02,1.110965087890625000e+03
6.510000000000000000e+02,8.055567016601562500e+02,9.749027709960937500e+02
6.520000000000000000e+02,7.919511718750000000e+02,9.751000976562500000e+02
6.530000000000000000e+02,7.828233032226562500e+02,1.194391113281250000e+03
6.540000000000000000e+02,8.249073486328125000e+02,1.195590576171875000e+03
6.550000000000000000e+02,7.723139038085937500e+02,1.038162109375000000e+03
6.560000000000000000e+02,9.016126708984375000e+02,1.957674316406250000e+03
6.570000000000000000e+02,7.789601440429687500e+02,1.111155883789062500e+03
6.580000000000000000e+02,7.888518066406250000e+02,1.175560668945312500e+03
6.590000000000000000e+02,8.803792114257812500e+02,1.115487792968750000e+03
6.600000000000000000e+02,8.610221557617187500e+02,9.699816894531250000e+02
6.610000000000000000e+02,7.636383666992187500e+02,1.228730957031250000e+03
6.620000000000000000e+02,7.700480957031250000e+02,1.002013793945312500e+03
6.630000000000000000e+02,8.607197265625000000e+02,1.007811889648437500e+03
6.640000000000000000e+02,7.675598144531250000e+02,1.614663940429687500e+03
6.650000000000000000e+02,7.900190429687500000e+02,3.439396484375000000e+03
6.660000000000000000e+02,8.982601928710937500e+02,1.269226440429687500e+03
6.670000000000000000e+02,8.796402587890625000e+02,2.188586669921875000e+03
6.680000000000000000e+02,9.322224731445312500e+02,2.147780761718750000e+03
6.690000000000000000e+02,8.369224853515625000e+02,1.045739868164062500e+03
6.700000000000000000e+02,9.048948364257812500e+02,9.630960083007812500e+02
6.710000000000000000e+02,8.850697021484375000e+02,9.783887329101562500e+02
6.720000000000000000e+02,8.769072875976562500e+02,1.032496093750000000e+03
6.730000000000000000e+02,9.163916625976562500e+02,1.161908203125000000e+03
6.740000000000000000e+02,8.212186889648437500e+02,9.988978881835937500e+02
6.750000000000000000e+02,7.944562377929687500e+02,9.845466308593750000e+02
6.760000000000000000e+02,8.580798339843750000e+02,9.659151611328125000e+02
6.770000000000000000e+02,8.278339843750000000e+02,9.694194335937500000e+02
6.780000000000000000e+02,9.755352172851562500e+02,1.805664916992187500e+03
6.790000000000000000e+02,8.019813232421875000e+02,1.097462280273437500e+03
6.800000000000000000e+02,7.775443725585937500e+02,1.035048217773437500e+03
6.810000000000000000e+02,7.079331054687500000e+02,1.365117431640625000e+03
6.820000000000000000e+02,8.600016479492187500e+02,9.940086669921875000e+02
6.830000000000000000e+02,7.293508300781250000e+02,9.683186035156250000e+02
6.840000000000000000e+02,7.883818359375000000e+02,9.937074584960937500e+02
6.850000000000000000e+02,7.918375854492187500e+02,1.391569946289062500e+03
6.860000000000000000e+02,1.036970947265625000e+03,9.476748046875000000e+02
6.870000000000000000e+02,9.815812377929687500e+02,9.933583984375000000e+02
6.880000000000000000e+02,9.383212280273437500e+02,1.084413330078125000e+03
6.890000000000000000e+02,8.396557006835937500e+02,9.527446899414062500e+02
6.900000000000000000e+02,9.806970214843750000e+02,1.224891113281250000e+03
6.910000000000000000e+02,9.016519165039062500e+02,2.029026000976562500e+03
6.920000000000000000e+02,1.033766235351562500e+03,9.569014892578125000e+02
6.930000000000000000e+02,8.607217407226562500e+02,1.186513427734375000e+03
6.940000000000000000e+02,9.429663696289062500e+02,1.035275878906250000e+03
6.950000000000000000e+02,9.705330200195312500e+02,1.751374145507812500e+03
6.960000000000000000e+02,9.364004516601562500e+02,1.429007690429687500e+03
6.970000000000000000e+02,8.871779174804687500e+02,1.143034179687500000e+03
6.980000000000000000e+02,8.933319091796875000e+02,1.795376953125000000e+03
6.990000000000000000e+02,9.515153198242187500e+02,2.599562744140625000e+03
7.000000000000000000e+02,9.545390625000000000e+02,1.216333251953125000e+03
7.010000000000000000e+02,1.048399536132812500e+03,4.264247070312500000e+03
7.020000000000000000e+02,1.230093261718750000e+03,1.009986816406250000e+03
7.030000000000000000e+02,8.356318969726562500e+02,9.862154541015625000e+02
7.040000000000000000e+02,9.396351318359375000e+02,9.393084106445312500e+02
7.050000000000000000e+02,9.053010253906250000e+02,1.385489868164062500e+03
7.060000000000000000e+02,8.751957397460937500e+02,2.062670410156250000e+03
7.070000000000000000e+02,9.644439697265625000e+02,1.150957275390625000e+03
7.080000000000000000e+02,8.690743408203125000e+02,9.919063110351562500e+02
7.090000000000000000e+02,9.445017089843750000e+02,1.511634521484375000e+03
7.100000000000000000e+02,8.712020263671875000e+02,9.628417358398437500e+02
7.110000000000000000e+02,8.727965698242187500e+02,1.163489013671875000e+03
7.120000000000000000e+02,9.436038818359375000e+02,9.803833618164062500e+02
7.130000000000000000e+02,9.330784301757812500e+02,1.931480590820312500e+03
7.140000000000000000e+02,1.093640014648437500e+03,2.366253173828125000e+03
7.150000000000000000e+02,9.965866699218750000e+02,3.418383300781250000e+03
7.160000000000000000e+02,9.476310424804687500e+02,9.714262084960937500e+02
7.170000000000000000e+02,8.427214965820312500e+02,9.381856689453125000e+02
7.180000000000000000e+02,7.895496215820312500e+02,9.665982666015625000e+02
7.190000000000000000e+02,8.078017578125000000e+02,9.661298828125000000e+02
7.200000000000000000e+02,9.721369628906250000e+02,9.449405517578125000e+02
7.210000000000000000e+02,8.482954101562500000e+02,2.673826416015625000e+03
7.220000000000000000e+02,8.038084106445312500e+02,2.359152587890625000e+03
7.230000000000000000e+02,9.594052734375000000e+02,9.866179809570312500e+02
7.240000000000000000e+02,8.623067016601562500e+02,2.723182373046875000e+03
7.250000000000000000e+02,8.363016357421875000e+02,9.411412353515625000e+02
7.260000000000000000e+02,8.515421142578125000e+02,1.517271362304687500e+03
7.270000000000000000e+02,9.718224487304687500e+02,1.939302124023437500e+03
7.280000000000000000e+02,8.850838012695312500e+02,9.581961669921875000e+02
7.290000000000000000e+02,9.849707641601562500e+02,1.888786499023437500e+03
7.300000000000000000e+02,1.120163208007812500e+03,2.391316650390625000e+03
7.310000000000000000e+02,1.044972290039062500e+03,2.704026611328125000e+03
7.320000000000000000e+02,1.196574829101562500e+03,9.916907958984375000e+02
7.330000000000000000e+02,1.020844726562500000e+03,1.404846313476562500e+03
7.340000000000000000e+02,1.033668457031250000e+03,2.637124755859375000e+03
7.350000000000000000e+02,1.083460083007812500e+03,1.451245971679687500e+03
7.360000000000000000e+02,9.018499145507812500e+02,9.183525390625000000e+02
7.370000000000000000e+02,8.644979858398437500e+02,9.286132812500000000e+02
7.380000000000000000e+02,7.977770385742187500e+02,1.034109130859375000e+03
7.390000000000000000e+02,9.054539184570312500e+02,9.373256225585937500e+02
7.400000000000000000e+02,8.405502319335937500e+02,1.143825195312500000e+03
7.410000000000000000e+02,8.868790893554687500e+02,1.106719116210937500e+03
7.420000000000000000e+02,9.408237915039062500e+02,9.344512329101562500e+02
7.430000000000000000e+02,1.083987426757812500e+03,1.331911254882812500e+03
7.440000000000000000e+02,8.672928466796875000e+02,9.726212768554687500e+02
7.450000000000000000e+02,7.714136352539062500e+02,1.359493286132812500e+03
7.460000000000000000e+02,8.733702392578125000e+02,1.703030395507812500e+03
7.470000000000000000e+02,8.534324951171875000e+02,1.031934082031250000e+03
7.480000000000000000e+02,9.400433959960937500e+02,1.083952758789062500e+03
7.490000000000000000e+02,9.298666381835937500e+02,9.599160766601562500e+02
7.500000000000000000e+02,9.057363891601562500e+02,1.189461303710937500e+03
7.510000000000000000e+02,7.851738281250000000e+02,1.067575195312500000e+03
7.520000000000000000e+02,8.407069702148437500e+02,1.408037353515625000e+03
7.530000000000000000e+02,7.309343261718750000e+02,9.244557495117187500e+02
7.540000000000000000e+02,8.569842529296875000e+02,9.297098388671875000e+02
7.550000000000000000e+02,7.569566040039062500e+02,1.911197875976562500e+03
7.560000000000000000e+02,9.027995605468750000e+02,9.448236694335937500e+02
7.570000000000000000e+02,8.827367553710937500e+02,2.481367919921875000e+03
7.580000000000000000e+02,9.718625488281250000e+02,1.320420776367187500e+03
7.590000000000000000e+02,8.331144409179687500e+02,1.329788452148437500e+03
7.600000000000000000e+02,8.885585327148437500e+02,9.705568847656250000e+02
7.610000000000000000e+02,9.376801147460937500e+02,1.005168395996093750e+03
7.620000000000000000e+02,8.904568481445312500e+02,1.545433715820312500e+03
7.630000000000000000e+02,9.660263671875000000e+02,1.009428283691406250e+03
7.640000000000000000e+02,7.784867553710937500e+02,1.276624145507812500e+03
7.650000000000000000e+02,8.305615844726562500e+02,9.656312255859375000e+02
7.660000000000000000e+02,7.909188232421875000e+02,1.568195434570312500e+03
7.670000000000000000e+02,8.776527709960937500e+02,1.765236938476562500e+03
7.680000000000000000e+02,1.032202026367187500e+03,9.267250976562500000e+02
7.690000000000000000e+02,8.226759643554687500e+02,9.417028808593750000e+02
7.700000000000000000e+02,7.662876586914062500e+02,1.202862426757812500e+03
7.710000000000000000e+02,8.665088500976562500e+02,1.063269653320312500e+03
7.720000000000000000e+02,7.868916015625000000e+02,9.877590942382812500e+02
7.730000000000000000e+02,8.248884887695312500e+02,1.351994995117187500e+03
7.740000000000000000e+02,8.741138305664062500e+02,3.806428710937500000e+03
7.750000000000000000e+02,8.986496582031250000e+02,1.796738769531250000e+03
7.760000000000000000e+02,7.871242675781250000e+02,1.079442749023437500e+03
7.770000000000000000e+02,8.834572143554687500e+02,1.303068603515625000e+03
7.780000000000000000e+02,8.435693359375000000e+02,9.974009399414062500e+02
7.790000000000000000e+02,7.746182861328125000e+02,1.868443725585937500e+03
7.800000000000000000e+02,8.933286743164062500e+02,9.558474731445312500e+02
7.810000000000000000e+02,8.136912841796875000e+02,1.539449829101562500e+03
7.820000000000000000e+02,8.333932495117187500e+02,9.412514038085937500e+02
7.830000000000000000e+02,7.912971191406250000e+02,9.247463378906250000e+02
7.840000000000000000e+02,7.878941040039062500e+02,1.418635498046875000e+03
7.850000000000000000e+02,8.286912231445312500e+02,1.505376342773437500e+03
7.860000000000000000e+02,9.886667480468750000e+02,9.371055297851562500e+02
7.870000000000000000e+02,8.167540283203125000e+02,9.277432861328125000e+02
7.880000000000000000e+02,8.443712158203125000e+02,9.876264648437500000e+02
7.890000000000000000e+02,8.538925781250000000e+02,1.112188232421875000e+03
7.900000000000000000e+02,8.089073486328125000e+02,9.315863037109375000e+02
7.910000000000000000e+02,7.593986816406250000e+02,9.746881713867187500e+02
7.920000000000000000e+02,8.197200317382812500e+02,1.718406616210937500e+03
7.930000000000000000e+02,8.288798828125000000e+02,2.022602416992187500e+03
7.940000000000000000e+02,8.544508056640625000e+02,1.571395019531250000e+03
7.950000000000000000e+02,8.172001342773437500e+02,1.119038452148437500e+03
7.960000000000000000e+02,8.192835693359375000e+02,9.986530151367187500e+02
7.970000000000000000e+02,7.554855957031250000e+02,9.702222900390625000e+02
7.980000000000000000e+02,8.737890014648437500e+02,9.798483276367187500e+02
7.990000000000000000e+02,9.012978515625000000e+02,1.032975219726562500e+03
8.000000000000000000e+02,6.848751220703125000e+02,9.453972167968750000e+02
8.010000000000000000e+02,7.884723510742187500e+02,1.080864624023437500e+03
8.020000000000000000e+02,7.873953857421875000e+02,1.137966918945312500e+03
8.030000000000000000e+02,8.444545898437500000e+02,1.264565185546875000e+03
8.040000000000000000e+02,8.262724609375000000e+02,1.069723754882812500e+03
8.050000000000000000e+02,8.663750000000000000e+02,9.380661621093750000e+02
8.060000000000000000e+02,8.140563964843750000e+02,9.382131347656250000e+02
8.070000000000000000e+02,8.085652465820312500e+02,9.427946777343750000e+02
8.080000000000000000e+02,7.493300781250000000e+02,2.093924072265625000e+03
8.090000000000000000e+02,7.990014038085937500e+02,1.013474365234375000e+03
8.100000000000000000e+02,8.714290771484375000e+02,9.566171264648437500e+02
8.110000000000000000e+02,7.367211303710937500e+02,1.123925659179687500e+03
8.120000000000000000e+02,7.680519409179687500e+02,1.397932250976562500e+03
8.130000000000000000e+02,7.471232299804687500e+02,2.028298583984375000e+03
8.140000000000000000e+02,7.543870239257812500e+02,1.112873046875000000e+03
8.150000000000000000e+02,7.397384033203125000e+02,9.867790527343750000e+02
8.160000000000000000e+02,7.478359985351562500e+02,1.039670532226562500e+03
8.170000000000000000e+02,7.440342407226562500e+02,1.116717407226562500e+03
8.180000000000000000e+02,7.237507324218750000e+02,9.927044067382812500e+02
8.190000000000000000e+02,8.157786254882812500e+02,1.476317382812500000e+03
8.200000000000000000e+02,8.654714965820312500e+02,2.715296875000000000e+03
8.210000000000000000e+02,7.046486816406250000e+02,9.822142333984375000e+02
8.220000000000000000e+02,6.967985839843750000e+02,1.082916992187500000e+03
8.230000000000000000e+02,7.826917114257812500e+02,1.231084716796875000e+03
8.240000000000000000e+02,7.348437500000000000e+02,1.255120239257812500e+03
8.250000000000000000e+02,7.285261230468750000e+02,9.359907836914062500e+02
8.260000000000000000e+02,7.806691284179687500e+02,9.356371459960937500e+02
8.270000000000000000e+02,8.931304321289062500e+02,1.161170166015625000e+03
8.280000000000000000e+02,7.388611450195312500e+02,1.838777465820312500e+03
8.290000000000000000e+02,7.636289672851562500e+02,9.364787597656250000e+02
8.300000000000000000e+02,7.629490966796875000e+02,9.368015747070312500e+02
8.310000000000000000e+02,7.106884765625000000e+02,9.369260253906250000e+02
8.320000000000000000e+02,7.753729248046875000e+02,1.020503906250000000e+03
8.330000000000000000e+02,7.713358764648437500e+02,9.401480102539062500e+02
8.340000000000000000e+02,7.819365844726562500e+02,9.548673706054687500e+02
8.350000000000000000e+02,7.864636840820312500e+02,9.557287597656250000e+02
8.360000000000000000e+02,7.405467529296875000e+02,1.203475463867187500e+03
8.370000000000000000e+02,7.783348388671875000e+02,9.312711181640625000e+02
8.380000000000000000e+02,7.044723510742187500e+02,1.332777465820312500e+03
8.390000000000000000e+02,7.557160644531250000e+02,1.196990844726562500e+03
8.400000000000000000e+02,7.056765747070312500e+02,5.404844238281250000e+03
8.410000000000000000e+02,7.908905639648437500e+02,1.497870605468750000e+03
8.420000000000000000e+02,7.983874511718750000e+02,1.014102111816406250e+03
8.430000000000000000e+02,7.744613647460937500e+02,9.661157836914062500e+02
8.440000000000000000e+02,6.651939697265625000e+02,1.220373413085937500e+03
8.450000000000000000e+02,7.581248779296875000e+02,9.832185058593750000e+02
8.460000000000000000e+02,6.864810791015625000e+02,9.505986328125000000e+02
8.470000000000000000e+02,7.472832031250000000e+02,9.342041015625000000e+02
8.480000000000000000e+02,8.071555175781250000e+02,1.138935058593750000e+03
8.490000000000000000e+02,9.182178344726562500e+02,9.559946289062500000e+02
8.500000000000000000e+02,8.435720214843750000e+02,9.576028442382812500e+02
8.510000000000000000e+02,7.265889282226562500e+02,1.487173950195312500e+03
8.520000000000000000e+02,7.388447265625000000e+02,2.041742919921875000e+03
8.530000000000000000e+02,7.651549682617187500e+02,1.334157348632812500e+03
8.540000000000000000e+02,7.263563842773437500e+02,1.628240478515625000e+03
8.550000000000000000e+02,7.361184692382812500e+02,9.371881103515625000e+02
8.560000000000000000e+02,7.720965576171875000e+02,9.884234619140625000e+02
8.570000000000000000e+02,7.292006225585937500e+02,1.258742309570312500e+03
8.580000000000000000e+02,6.719965820312500000e+02,9.394519042968750000e+02
8.590000000000000000e+02,7.173271484375000000e+02,9.291785888671875000e+02
8.600000000000000000e+02,7.908073730468750000e+02,9.834780273437500000e+02
8.610000000000000000e+02,7.330138549804687500e+02,1.429673339843750000e+03
8.620000000000000000e+02,7.122988281250000000e+02,9.757026977539062500e+02
8.630000000000000000e+02,8.082645874023437500e+02,9.619017944335937500e+02
8.640000000000000000e+02,7.558122558593750000e+02,9.595690917968750000e+02
8.650000000000000000e+02,7.502966308593750000e+02,1.017252807617187500e+03
8.660000000000000000e+02,7.849475708007812500e+02,9.775485839843750000e+02
8.670000000000000000e+02,7.733317871093750000e+02,1.660799682617187500e+03
8.680000000000000000e+02,7.149050292968750000e+02,1.597261108398437500e+03
8.690000000000000000e+02,7.758556518554687500e+02,3.653693847656250000e+03
8.700000000000000000e+02,7.726199951171875000e+02,9.444857788085937500e+02
8.710000000000000000e+02,7.066354370117187500e+02,9.555199584960937500e+02
8.720000000000000000e+02,8.894798583984375000e+02,9.482764892578125000e+02
8.730000000000000000e+02,8.863165893554687500e+02,1.046535644531250000e+03
8.740000000000000000e+02,7.645681762695312500e+02,1.645967163085937500e+03
8.750000000000000000e+02,7.136561279296875000e+02,1.094352172851562500e+03
8.760000000000000000e+02,7.096135253906250000e+02,1.124555053710937500e+03
8.770000000000000000e+02,7.948424682617187500e+02,1.073933471679687500e+03
8.780000000000000000e+02,7.321113891601562500e+02,9.249254150390625000e+02
8.790000000000000000e+02,7.235285034179687500e+02,9.552308959960937500e+02
8.800000000000000000e+02,7.612583618164062500e+02,9.397813110351562500e+02
8.810000000000000000e+02,7.147134399414062500e+02,2.733168457031250000e+03
8.820000000000000000e+02,6.737422485351562500e+02,1.231351440429687500e+03
8.830000000000000000e+02,7.253150024414062500e+02,2.453566406250000000e+03
8.840000000000000000e+02,8.551650390625000000e+02,9.631696166992187500e+02
8.850000000000000000e+02,7.943656005859375000e+02,1.307410522460937500e+03
8.860000000000000000e+02,7.729588623046875000e+02,1.160392333984375000e+03
8.870000000000000000e+02,6.647595214843750000e+02,1.081566162109375000e+03
8.880000000000000000e+02,7.967205200195312500e+02,2.676320800781250000e+03
8.890000000000000000e+02,7.462296752929687500e+02,1.070043090820312500e+03
8.900000000000000000e+02,7.115452880859375000e+02,9.871712036132812500e+02
8.910000000000000000e+02,7.180934448242187500e+02,1.583420654296875000e+03
8.920000000000000000e+02,7.587122192382812500e+02,9.263241577148437500e+02
8.930000000000000000e+02,7.446998291015625000e+02,1.176532348632812500e+03
8.940000000000000000e+02,7.566541748046875000e+02,1.176975830078125000e+03
8.950000000000000000e+02,8.269437255859375000e+02,1.160657958984375000e+03
8.960000000000000000e+02,7.622976684570312500e+02,1.834631958007812500e+03
8.970000000000000000e+02,7.761400146484375000e+02,9.252640380859375000e+02
8.980000000000000000e+02,7.183164672851562500e+02,1.252493164062500000e+03
8.990000000000000000e+02,7.952440185546875000e+02,1.063453125000000000e+03
9.000000000000000000e+02,7.825595092773437500e+02,9.230411376953125000e+02
9.010000000000000000e+02,7.463878784179687500e+02,9.436423339843750000e+02
9.020000000000000000e+02,7.791196899414062500e+02,9.276069335937500000e+02
9.030000000000000000e+02,7.196693725585937500e+02,1.289262329101562500e+03
9.040000000000000000e+02,7.143948364257812500e+02,1.176880493164062500e+03
9.050000000000000000e+02,8.169133911132812500e+02,9.246064453125000000e+02
9.060000000000000000e+02,7.164524536132812500e+02,1.196581176757812500e+03
9.070000000000000000e+02,8.173449707031250000e+02,9.208409423828125000e+02
9.080000000000000000e+02,8.547313232421875000e+02,1.024641845703125000e+03
9.090000000000000000e+02,8.148074951171875000e+02,9.576163940429687500e+02
9.100000000000000000e+02,7.410161743164062500e+02,1.029064453125000000e+03
9.110000000000000000e+02,7.552507324218750000e+02,1.262548217773437500e+03
9.120000000000000000e+02,7.203665161132812500e+02,9.869463500976562500e+02
9.130000000000000000e+02,7.749254760742187500e+02,1.303838134765625000e+03
9.140000000000000000e+02,7.057801513671875000e+02,1.112254028320312500e+03
9.150000000000000000e+02,7.624667968750000000e+02,1.705962646484375000e+03
9.160000000000000000e+02,7.683795166015625000e+02,1.004933837890625000e+03
9.170000000000000000e+02,7.694188232421875000e+02,1.097993896484375000e+03
9.180000000000000000e+02,7.155828857421875000e+02,1.800594970703125000e+03
9.190000000000000000e+02,7.383399047851562500e+02,1.744576049804687500e+03
9.200000000000000000e+02,7.148410034179687500e+02,1.031332641601562500e+03
9.210000000000000000e+02,7.451717529296875000e+02,9.435780639648437500e+02
9.220000000000000000e+02,7.195525512695312500e+02,9.315000000000000000e+02
9.230000000000000000e+02,7.020237426757812500e+02,2.199093505859375000e+03
9.240000000000000000e+02,7.167662963867187500e+02,9.746973266601562500e+02
9.250000000000000000e+02,7.214323730468750000e+02,1.581010620117187500e+03
9.260000000000000000e+02,7.474669189453125000e+02,9.207611083984375000e+02
9.270000000000000000e+02,6.801492309570312500e+02,1.019575805664062500e+03
9.280000000000000000e+02,6.809636840820312500e+02,1.982073974609375000e+03
9.290000000000000000e+02,6.998548583984375000e+02,9.733126831054687500e+02
9.300000000000000000e+02,7.730389404296875000e+02,1.003532714843750000e+03
9.310000000000000000e+02,6.998350219726562500e+02,1.412798828125000000e+03
9.320000000000000000e+02,6.378046875000000000e+02,9.112954101562500000e+02
9.330000000000000000e+02,7.584914550781250000e+02,1.233735107421875000e+03
9.340000000000000000e+02,7.294911499023437500e+02,1.024608886718750000e+03
9.350000000000000000e+02,6.957384643554687500e+02,1.021686523437500000e+03
9.360000000000000000e+02,7.502914428710937500e+02,9.287621459960937500e+02
9.370000000000000000e+02,7.248807373046875000e+02,1.728214111328125000e+03
9.380000000000000000e+02,6.691284790039062500e+02,9.466441040039062500e+02
9.390000000000000000e+02,7.062756958007812500e+02,9.603717041015625000e+02
9.400000000000000000e+02,7.653856201171875000e+02,1.703008300781250000e+03
9.410000000000000000e+02,6.808573608398437500e+02,9.235416870117187500e+02
9.420000000000000000e+02,7.152016601562500000e+02,1.262362792968750000e+03
9.430000000000000000e+02,7.783787841796875000e+02,1.468300048828125000e+03
9.440000000000000000e+02,7.033828125000000000e+02,1.510969970703125000e+03
9.450000000000000000e+02,7.082279663085937500e+02,9.737634277343750000e+02
9.460000000000000000e+02,6.798579101562500000e+02,1.859273803710937500e+03
9.470000000000000000e+02,7.214583129882812500e+02,1.014791320800781250e+03
9.480000000000000000e+02,7.742771606445312500e+02,1.769404296875000000e+03
9.490000000000000000e+02,7.558020019531250000e+02,9.619966430664062500e+02
9.500000000000000000e+02,7.985227050781250000e+02,9.192057495117187500e+02
9.510000000000000000e+02,7.747003784179687500e+02,1.265524902343750000e+03
9.520000000000000000e+02,6.872066040039062500e+02,1.010166748046875000e+03
9.530000000000000000e+02,7.259697265625000000e+02,1.443599731445312500e+03
9.540000000000000000e+02,6.817067260742187500e+02,1.834681274414062500e+03
9.550000000000000000e+02,6.922907714843750000e+02,9.213696289062500000e+02
9.560000000000000000e+02,6.457341308593750000e+02,9.403128662109375000e+02
9.570000000000000000e+02,7.873364868164062500e+02,1.505976074218750000e+03
9.580000000000000000e+02,6.332139892578125000e+02,9.986626586914062500e+02
9.590000000000000000e+02,6.956498413085937500e+02,9.847911376953125000e+02
9.600000000000000000e+02,7.073000488281250000e+02,9.138515014648437500e+02
9.610000000000000000e+02,7.487276611328125000e+02,9.416278076171875000e+02
9.620000000000000000e+02,6.678010253906250000e+02,1.099217529296875000e+03
9.630000000000000000e+02,7.282999267578125000e+02,1.839491699218750000e+03
9.640000000000000000e+02,6.891909790039062500e+02,9.385397338867187500e+02
9.650000000000000000e+02,7.303351440429687500e+02,1.022200317382812500e+03
9.660000000000000000e+02,6.722327270507812500e+02,9.186851806640625000e+02
9.670000000000000000e+02,7.498421630859375000e+02,9.295061645507812500e+02
9.680000000000000000e+02,7.507673950195312500e+02,9.278532714843750000e+02
9.690000000000000000e+02,7.237518310546875000e+02,9.171065063476562500e+02
9.700000000000000000e+02,7.602273559570312500e+02,1.084008300781250000e+03
9.710000000000000000e+02,6.988909301757812500e+02,3.272144775390625000e+03
9.720000000000000000e+02,7.349525756835937500e+02,1.308473876953125000e+03
9.730000000000000000e+02,7.931281738281250000e+02,9.846839599609375000e+02
9.740000000000000000e+02,7.182164306640625000e+02,9.185293579101562500e+02
9.750000000000000000e+02,7.242637939453125000e+02,9.560979003906250000e+02
9.760000000000000000e+02,7.329320068359375000e+02,9.114463500976562500e+02
9.770000000000000000e+02,7.415610351562500000e+02,9.115840454101562500e+02
9.780000000000000000e+02,6.637094726562500000e+02,1.004166992187500000e+03
9.790000000000000000e+02,7.021548461914062500e+02,1.345896484375000000e+03
9.800000000000000000e+02,7.156502075195312500e+02,9.117246704101562500e+02
9.810000000000000000e+02,7.372467041015625000e+02,9.808349609375000000e+02
9.820000000000000000e+02,6.782849121093750000e+02,1.021874389648437500e+03
9.830000000000000000e+02,8.023026733398437500e+02,9.163476562500000000e+02
9.840000000000000000e+02,6.969501342773437500e+02,1.066449951171875000e+03
9.850000000000000000e+02,7.298776245117187500e+02,1.153796997070312500e+03
9.860000000000000000e+02,6.494270629882812500e+02,1.600241821289062500e+03
9.870000000000000000e+02,7.780960083007812500e+02,1.039810913085937500e+03
9.880000000000000000e+02,7.013525390625000000e+02,1.123447387695312500e+03
9.890000000000000000e+02,7.216634521484375000e+02,9.126107788085937500e+02
9.900000000000000000e+02,6.919621582031250000e+02,1.126544067382812500e+03
9.910000000000000000e+02,7.093468627929687500e+02,9.133622436523437500e+02
9.920000000000000000e+02,6.832243041992187500e+02,1.111071655273437500e+03
9.930000000000000000e+02,7.096076049804687500e+02,9.082122192382812500e+02
9.940000000000000000e+02,6.741676635742187500e+02,9.298431396484375000e+02
9.950000000000000000e+02,6.439893798828125000e+02,9.848529663085937500e+02
9.960000000000000000e+02,7.592885131835937500e+02,1.040657836914062500e+03
9.970000000000000000e+02,7.512913818359375000e+02,9.503504638671875000e+02
9.980000000000000000e+02,6.544351806640625000e+02,9.079592895507812500e+02
9.990000000000000000e+02,7.994873657226562500e+02,9.870306396484375000e+02
1.000000000000000000e+03,6.523531494140625000e+02,9.106068725585937500e+02
1.001000000000000000e+03,7.375083618164062500e+02,9.083336791992187500e+02
1.002000000000000000e+03,6.844495239257812500e+02,9.260501708984375000e+02
1.003000000000000000e+03,7.618044433593750000e+02,9.651595458984375000e+02
1.004000000000000000e+03,7.212989501953125000e+02,9.122220458984375000e+02
1.005000000000000000e+03,7.194627685546875000e+02,9.202820434570312500e+02
1.006000000000000000e+03,7.154418334960937500e+02,9.109190063476562500e+02
1.007000000000000000e+03,6.545067749023437500e+02,1.374634277343750000e+03
1.008000000000000000e+03,6.638663940429687500e+02,9.211870727539062500e+02
1.009000000000000000e+03,7.284214477539062500e+02,1.020424987792968750e+03
1.010000000000000000e+03,6.938610229492187500e+02,1.055634521484375000e+03
1.011000000000000000e+03,7.385975341796875000e+02,1.758076049804687500e+03
1.012000000000000000e+03,7.429229736328125000e+02,1.257871948242187500e+03
1.013000000000000000e+03,6.419309692382812500e+02,1.103238037109375000e+03
1.014000000000000000e+03,7.610268554687500000e+02,1.081746948242187500e+03
1.015000000000000000e+03,7.004010620117187500e+02,9.107204589843750000e+02
1.016000000000000000e+03,6.360031127929687500e+02,1.086190063476562500e+03
1.017000000000000000e+03,6.931371459960937500e+02,9.071244506835937500e+02
1.018000000000000000e+03,6.723419189453125000e+02,1.194599609375000000e+03
1.019000000000000000e+03,6.859329833984375000e+02,9.056327514648437500e+02
1.020000000000000000e+03,6.253829345703125000e+02,1.071859252929687500e+03
1.021000000000000000e+03,7.067471923828125000e+02,9.064021606445312500e+02
1.022000000000000000e+03,6.777974243164062500e+02,9.089234619140625000e+02
1.023000000000000000e+03,6.436284790039062500e+02,1.113726196289062500e+03
1.024000000000000000e+03,7.462096557617187500e+02,9.284115600585937500e+02
1.025000000000000000e+03,6.762944946289062500e+02,9.185346069335937500e+02
1.026000000000000000e+03,6.581577148437500000e+02,1.336104980468750000e+03
1.027000000000000000e+03,6.526488037109375000e+02,1.449289306640625000e+03
1.028000000000000000e+03,6.823514404296875000e+02,9.139615478515625000e+02
1.029000000000000000e+03,6.098286743164062500e+02,9.438887329101562500e+02
1.030000000000000000e+03,7.144990234375000000e+02,9.272595214843750000e+02
1.031000000000000000e+03,6.956561279296875000e+02,1.002497924804687500e+03
1.032000000000000000e+03,6.994390869140625000e+02,1.051080932617187500e+03
1.033000000000000000e+03,7.387835083007812500e+02,1.095741210937500000e+03
1.034000000000000000e+03,6.491379394531250000e+02,1.080111816406250000e+03
1.035000000000000000e+03,6.706535034179687500e+02,1.890800048828125000e+03
1.036000000000000000e+03,7.219486694335937500e+02,1.442214355468750000e+03
1.037000000000000000e+03,6.695288085937500000e+02,1.630240966796875000e+03
1.038000000000000000e+03,6.925223388671875000e+02,1.220681396484375000e+03
1.039000000000000000e+03,6.865442504882812500e+02,1.410533325195312500e+03
1.040000000000000000e+03,6.722147216796875000e+02,9.273119506835937500e+02
1.041000000000000000e+03,6.991769409179687500e+02,1.003315795898437500e+03
1.042000000000000000e+03,6.598377685546875000e+02,1.025250610351562500e+03
1.043000000000000000e+03,7.036654663085937500e+02,1.076858886718750000e+03
1.044000000000000000e+03,6.902551879882812500e+02,1.393886596679687500e+03
1.045000000000000000e+03,6.587965698242187500e+02,9.326685180664062500e+02
1.046000000000000000e+03,7.462011718750000000e+02,1.239811401367187500e+03
1.047000000000000000e+03,6.890466308593750000e+02,9.139002685546875000e+02
1.048000000000000000e+03,6.905195922851562500e+02,1.116390502929687500e+03
1.049000000000000000e+03,6.532728271484375000e+02,1.281632812500000000e+03
1.050000000000000000e+03,6.277431640625000000e+02,1.747414428710937500e+03
1.051000000000000000e+03,6.600720214843750000e+02,1.023552001953125000e+03
1.052000000000000000e+03,7.471129760742187500e+02,1.580552612304687500e+03
1.053000000000000000e+03,7.185098266601562500e+02,9.686833496093750000e+02
1.054000000000000000e+03,7.120024414062500000e+02,1.083238159179687500e+03
1.055000000000000000e+03,7.248688354492187500e+02,1.059584228515625000e+03
1.056000000000000000e+03,7.049385986328125000e+02,1.083258300781250000e+03
1.057000000000000000e+03,6.933308715820312500e+02,9.062990722656250000e+02
1.058000000000000000e+03,6.702174682617187500e+02,9.271151733398437500e+02
1.059000000000000000e+03,6.932008666992187500e+02,9.716081542968750000e+02
1.060000000000000000e+03,7.019633178710937500e+02,9.638253173828125000e+02
1.061000000000000000e+03,6.805601196289062500e+02,1.117533447265625000e+03
1.062000000000000000e+03,6.986436767578125000e+02,9.075534057617187500e+02
1.063000000000000000e+03,6.757232666015625000e+02,1.388867797851562500e+03
1.064000000000000000e+03,7.042900390625000000e+02,9.498914184570312500e+02
1.065000000000000000e+03,6.526240234375000000e+02,1.044554321289062500e+03
1.066000000000000000e+03,6.520971069335937500e+02,9.076196289062500000e+02
1.067000000000000000e+03,6.831405639648437500e+02,9.159172973632812500e+02
1.068000000000000000e+03,6.736755371093750000e+02,2.381144531250000000e+03
1.069000000000000000e+03,6.517561645507812500e+02,1.016837036132812500e+03
1.070000000000000000e+03,6.783851928710937500e+02,9.469548339843750000e+02
1.071000000000000000e+03,7.291389770507812500e+02,9.993764648437500000e+02
1.072000000000000000e+03,6.092735595703125000e+02,1.195318603515625000e+03
1.073000000000000000e+03,7.013820190429687500e+02,9.275322875976562500e+02
1.074000000000000000e+03,6.530903930664062500e+02,2.191667480468750000e+03
1.075000000000000000e+03,6.917101440429687500e+02,9.244917602539062500e+02
1.076000000000000000e+03,6.666342773437500000e+02,1.276965820312500000e+03
1.077000000000000000e+03,7.348691406250000000e+02,1.002501464843750000e+03
1.078000000000000000e+03,6.885447387695312500e+02,2.456561035156250000e+03
1.079000000000000000e+03,6.549406738281250000e+02,1.111881713867187500e+03
1.080000000000000000e+03,6.508702392578125000e+02,1.360501586914062500e+03
1.081000000000000000e+03,6.427590332031250000e+02,9.753306274414062500e+02
1.082000000000000000e+03,6.634110107421875000e+02,1.016679321289062500e+03
1.083000000000000000e+03,6.849863281250000000e+02,1.347479858398437500e+03
1.084000000000000000e+03,6.351428833007812500e+02,9.762775878906250000e+02
1.085000000000000000e+03,6.468937377929687500e+02,1.088907592773437500e+03
1.086000000000000000e+03,6.239978027343750000e+02,1.135637573242187500e+03
1.087000000000000000e+03,6.949747924804687500e+02,1.411071777343750000e+03
1.088000000000000000e+03,6.377041625976562500e+02,1.259222290039062500e+03
1.089000000000000000e+03,6.303662109375000000e+02,9.127390747070312500e+02
1.090000000000000000e+03,6.825859375000000000e+02,9.115771484375000000e+02
1.091000000000000000e+03,6.468872070312500000e+02,9.886936035156250000e+02
1.092000000000000000e+03,6.203183593750000000e+02,9.314860839843750000e+02
1.093000000000000000e+03,6.401521606445312500e+02,1.509869140625000000e+03
1.094000000000000000e+03,6.606199340820312500e+02,9.022649536132812500e+02
1.095000000000000000e+03,6.556252441406250000e+02,2.183136474609375000e+03
1.096000000000000000e+03,7.137162475585937500e+02,1.072124267578125000e+03
1.097000000000000000e+03,6.733988647460937500e+02,9.049592895507812500e+02
1.098000000000000000e+03,6.326005249023437500e+02,1.221587402343750000e+03
1.099000000000000000e+03,6.617202148437500000e+02,9.231217651367187500e+02
1.100000000000000000e+03,6.421205444335937500e+02,8.997937622070312500e+02
1.101000000000000000e+03,5.804104614257812500e+02,9.129099731445312500e+02
1.102000000000000000e+03,7.261217041015625000e+02,1.090547363281250000e+03
1.103000000000000000e+03,6.599700317382812500e+02,1.057168945312500000e+03
1.104000000000000000e+03,6.440478515625000000e+02,1.138912597656250000e+03
1.105000000000000000e+03,6.993895874023437500e+02,9.028036499023437500e+02
1.106000000000000000e+03,6.728168945312500000e+02,9.538846435546875000e+02
1.107000000000000000e+03,6.538705444335937500e+02,1.015289245605468750e+03
1.108000000000000000e+03,6.586680908203125000e+02,1.139417480468750000e+03
1.109000000000000000e+03,7.054785766601562500e+02,9.753565673828125000e+02
1.110000000000000000e+03,6.180625610351562500e+02,1.414369384765625000e+03
1.111000000000000000e+03,6.914266357421875000e+02,9.889086914062500000e+02
1.112000000000000000e+03,6.314317016601562500e+02,1.052023803710937500e+03
1.113000000000000000e+03,6.288518066406250000e+02,9.546807250976562500e+02
1.114000000000000000e+03,6.329729003906250000e+02,9.243020019531250000e+02
1.115000000000000000e+03,6.865445556640625000e+02,9.331214599609375000e+02
1.116000000000000000e+03,6.086887207031250000e+02,9.038285522460937500e+02
1.117000000000000000e+03,6.989457397460937500e+02,8.991558837890625000e+02
1.118000000000000000e+03,6.208200073242187500e+02,1.031663452148437500e+03
1.119000000000000000e+03,6.731542968750000000e+02,9.303587036132812500e+02
1.120000000000000000e+03,6.474992675781250000e+02,1.027601684570312500e+03
1.121000000000000000e+03,6.459436645507812500e+02,8.967115478515625000e+02
1.122000000000000000e+03,6.327698364257812500e+02,1.924363159179687500e+03
1.123000000000000000e+03,6.566798095703125000e+02,1.774476684570312500e+03
1.124000000000000000e+03,6.957799072265625000e+02,9.162082519531250000e+02
1.125000000000000000e+03,6.418895874023437500e+02,1.031589721679687500e+03
1.126000000000000000e+03,6.286324462890625000e+02,1.143125000000000000e+03
1.127000000000000000e+03,6.124817504882812500e+02,1.019364746093750000e+03
1.128000000000000000e+03,6.642724609375000000e+02,9.461212768554687500e+02
1.129000000000000000e+03,6.317123413085937500e+02,9.147056274414062500e+02
1.130000000000000000e+03,6.248762817382812500e+02,9.036021118164062500e+02
1.131000000000000000e+03,6.144376831054687500e+02,9.996965332031250000e+02
1.132000000000000000e+03,6.398217163085937500e+02,9.235217895507812500e+02
1.133000000000000000e+03,6.683202514648437500e+02,9.637903442382812500e+02
1.134000000000000000e+03,6.296660156250000000e+02,1.015976928710937500e+03
1.135000000000000000e+03,6.420889892578125000e+02,1.000290466308593750e+03
1.136000000000000000e+03,6.550564575195312500e+02,2.494185302734375000e+03
1.137000000000000000e+03,6.627055053710937500e+02,1.477730346679687500e+03
1.138000000000000000e+03,6.327875976562500000e+02,1.635917724609375000e+03
1.139000000000000000e+03,6.396502685546875000e+02,1.280980834960937500e+03
1.140000000000000000e+03,6.972850341796875000e+02,9.301812744140625000e+02
1.141000000000000000e+03,5.836412353515625000e+02,1.508853637695312500e+03
1.142000000000000000e+03,6.016152343750000000e+02,1.884999145507812500e+03
1.143000000000000000e+03,6.546524658203125000e+02,8.977343139648437500e+02
1.144000000000000000e+03,6.447987060546875000e+02,1.037779296875000000e+03
1.145000000000000000e+03,6.519153442382812500e+02,1.091670410156250000e+03
1.146000000000000000e+03,6.308977050781250000e+02,1.366085449218750000e+03
1.147000000000000000e+03,6.192253417968750000e+02,1.232281738281250000e+03
1.148000000000000000e+03,7.884171142578125000e+02,3.830129882812500000e+03
1.149000000000000000e+03,8.114380493164062500e+02,1.000363830566406250e+03
1.150000000000000000e+03,6.732413940429687500e+02,9.343872680664062500e+02
1.151000000000000000e+03,6.503653564453125000e+02,9.048363037109375000e+02
1.152000000000000000e+03,6.658628540039062500e+02,1.361681884765625000e+03
1.153000000000000000e+03,6.414771118164062500e+02,9.061046752929687500e+02
1.154000000000000000e+03,6.671674804687500000e+02,9.084617919921875000e+02
1.155000000000000000e+03,5.674216918945312500e+02,9.007030639648437500e+02
1.156000000000000000e+03,6.593803710937500000e+02,9.911517333984375000e+02
1.157000000000000000e+03,6.189772338867187500e+02,1.267278198242187500e+03
1.158000000000000000e+03,6.249036254882812500e+02,1.459965087890625000e+03
1.159000000000000000e+03,6.646666870117187500e+02,8.925756225585937500e+02
1.160000000000000000e+03,5.947468261718750000e+02,2.865779541015625000e+03
1.161000000000000000e+03,7.288509521484375000e+02,9.003145141601562500e+02
1.162000000000000000e+03,6.961374511718750000e+02,1.378112548828125000e+03
1.163000000000000000e+03,6.721879272460937500e+02,9.066934814453125000e+02
1.164000000000000000e+03,6.835838623046875000e+02,9.120522460937500000e+02
1.165000000000000000e+03,6.242435913085937500e+02,8.904691772460937500e+02
1.166000000000000000e+03,6.232155761718750000e+02,8.928466186523437500e+02
1.167000000000000000e+03,6.256459960937500000e+02,8.923602294921875000e+02
1.168000000000000000e+03,6.223666381835937500e+02,1.309949951171875000e+03
1.169000000000000000e+03,6.782058105468750000e+02,9.030995483398437500e+02
1.170000000000000000e+03,6.053010253906250000e+02,1.104233032226562500e+03
1.171000000000000000e+03,6.366878051757812500e+02,9.834948120117187500e+02
1.172000000000000000e+03,6.516908569335937500e+02,8.965026855468750000e+02
1.173000000000000000e+03,6.320996093750000000e+02,8.918717651367187500e+02
1.174000000000000000e+03,6.250806274414062500e+02,9.353561401367187500e+02
1.175000000000000000e+03,6.338399658203125000e+02,1.080556640625000000e+03
1.176000000000000000e+03,6.184182128906250000e+02,9.632767944335937500e+02
1.177000000000000000e+03,6.646138305664062500e+02,9.714257202148437500e+02
1.178000000000000000e+03,6.579137573242187500e+02,1.528470336914062500e+03
1.179000000000000000e+03,6.328392333984375000e+02,9.413853149414062500e+02
1.180000000000000000e+03,6.138804931640625000e+02,8.849923706054687500e+02
1.181000000000000000e+03,6.447730102539062500e+02,9.644783935546875000e+02
1.182000000000000000e+03,6.542496337890625000e+02,9.930322265625000000e+02
1.183000000000000000e+03,7.009501953125000000e+02,9.974486083984375000e+02
1.184000000000000000e+03,6.172371826171875000e+02,1.017864746093750000e+03
1.185000000000000000e+03,6.715720825195312500e+02,1.908296386718750000e+03
1.186000000000000000e+03,6.129367675781250000e+02,1.137568481445312500e+03
1.187000000000000000e+03,6.694051513671875000e+02,8.992444458007812500e+02
1.188000000000000000e+03,6.552982788085937500e+02,1.081426635742187500e+03
1.189000000000000000e+03,6.783685913085937500e+02,9.951922607421875000e+02
1.190000000000000000e+03,6.199887084960937500e+02,8.911220703125000000e+02
1.191000000000000000e+03,6.148294067382812500e+02,9.415758056640625000e+02
1.192000000000000000e+03,6.469212036132812500e+02,1.575841674804687500e+03
1.193000000000000000e+03,6.417490844726562500e+02,1.195854736328125000e+03
1.194000000000000000e+03,6.409483032226562500e+02,1.003400634765625000e+03
1.195000000000000000e+03,5.662572631835937500e+02,9.241768798828125000e+02
1.196000000000000000e+03,6.649749145507812500e+02,1.151522705078125000e+03
1.197000000000000000e+03,6.583275756835937500e+02,9.013675537109375000e+02
1.198000000000000000e+03,6.756279296875000000e+02,1.133455932617187500e+03
1.199000000000000000e+03,6.526040649414062500e+02,8.818485107421875000e+02
1.200000000000000000e+03,6.829865112304687500e+02,8.879079589843750000e+02
1.201000000000000000e+03,6.575630493164062500e+02,1.113820556640625000e+03
1.202000000000000000e+03,6.346198120117187500e+02,9.431955566406250000e+02
1.203000000000000000e+03,6.394094238281250000e+02,1.088674072265625000e+03
1.204000000000000000e+03,6.617119140625000000e+02,9.497026977539062500e+02
1.205000000000000000e+03,6.368356323242187500e+02,8.949097900390625000e+02
1.206000000000000000e+03,6.431803588867187500e+02,1.376637084960937500e+03
1.207000000000000000e+03,6.196859130859375000e+02,8.983458251953125000e+02
1.208000000000000000e+03,6.482114868164062500e+02,9.707561035156250000e+02
1.209000000000000000e+03,6.288032836914062500e+02,1.028227294921875000e+03
1.210000000000000000e+03,6.581772460937500000e+02,1.008763366699218750e+03
1.211000000000000000e+03,6.329487915039062500e+02,1.020153015136718750e+03
1.212000000000000000e+03,6.767131958007812500e+02,9.168803100585937500e+02
1.213000000000000000e+03,6.459622802734375000e+02,1.186847290039062500e+03
1.214000000000000000e+03,6.031043701171875000e+02,8.908547973632812500e+02
1.215000000000000000e+03,6.750033569335937500e+02,1.030933105468750000e+03
1.216000000000000000e+03,6.900483398437500000e+02,9.011179809570312500e+02
1.217000000000000000e+03,6.360540161132812500e+02,1.071667724609375000e+03
1.218000000000000000e+03,8.745881958007812500e+02,1.440348754882812500e+03
1.219000000000000000e+03,7.423224487304687500e+02,2.385925537109375000e+03
1.220000000000000000e+03,8.301066284179687500e+02,1.059552368164062500e+03
1.221000000000000000e+03,7.513916015625000000e+02,9.564616088867187500e+02
1.222000000000000000e+03,7.660496215820312500e+02,8.738861083984375000e+02
1.223000000000000000e+03,7.377203979492187500e+02,8.818916625976562500e+02
1.224000000000000000e+03,7.179959716796875000e+02,1.863444091796875000e+03
1.225000000000000000e+03,6.595593872070312500e+02,1.111556884765625000e+03
1.226000000000000000e+03,7.584524536132812500e+02,8.717625732421875000e+02
1.227000000000000000e+03,7.611577148437500000e+02,1.056273559570312500e+03
1.228000000000000000e+03,6.956356201171875000e+02,1.135301879882812500e+03
1.229000000000000000e+03,7.129317626953125000e+02,1.154763549804687500e+03
1.230000000000000000e+03,7.563171386718750000e+02,9.242049560546875000e+02
1.231000000000000000e+03,6.858740844726562500e+02,1.241937622070312500e+03
1.232000000000000000e+03,7.346433105468750000e+02,8.929865722656250000e+02
1.233000000000000000e+03,7.495771484375000000e+02,9.206246337890625000e+02
1.234000000000000000e+03,6.768875122070312500e+02,1.571293457031250000e+03
1.235000000000000000e+03,8.249299926757812500e+02,1.976097045898437500e+03
1.236000000000000000e+03,7.742452392578125000e+02,1.172166381835937500e+03
1.237000000000000000e+03,6.952695922851562500e+02,1.535145141601562500e+03
1.238000000000000000e+03,7.459349975585937500e+02,2.123688964843750000e+03
1.239000000000000000e+03,7.102726440429687500e+02,8.698555297851562500e+02
1.240000000000000000e+03,6.983372802734375000e+02,8.830206298828125000e+02
1.241000000000000000e+03,7.203446655273437500e+02,8.940133056640625000e+02
1.242000000000000000e+03,6.948644409179687500e+02,1.076025634765625000e+03
1.243000000000000000e+03,7.036942749023437500e+02,1.315019775390625000e+03
1.244000000000000000e+03,7.058722534179687500e+02,9.254338378906250000e+02
1.245000000000000000e+03,7.053798828125000000e+02,8.720651855468750000e+02
1.246000000000000000e+03,6.652583618164062500e+02,9.054008789062500000e+02
1.247000000000000000e+03,7.324062500000000000e+02,9.680792236328125000e+02
1.248000000000000000e+03,7.185009765625000000e+02,8.727546997070312500e+02
1.249000000000000000e+03,6.803940429687500000e+02,9.256445312500000000e+02
1.250000000000000000e+03,7.012924194335937500e+02,9.566508789062500000e+02
1.251000000000000000e+03,7.035217895507812500e+02,1.096320678710937500e+03
1.252000000000000000e+03,7.697643432617187500e+02,1.149723388671875000e+03
1.253000000000000000e+03,8.618944702148437500e+02,8.571410522460937500e+02
1.254000000000000000e+03,1.007798217773437500e+03,8.618445434570312500e+02
1.255000000000000000e+03,9.127142333984375000e+02,9.157051391601562500e+02
1.256000000000000000e+03,8.886320800781250000e+02,8.533661499023437500e+02
1.257000000000000000e+03,9.363241577148437500e+02,8.687432861328125000e+02
1.258000000000000000e+03,9.609265136718750000e+02,8.735016479492187500e+02
1.259000000000000000e+03,8.842188110351562500e+02,8.625838623046875000e+02
1.260000000000000000e+03,7.959948120117187500e+02,8.532502441406250000e+02
1.261000000000000000e+03,8.555119628906250000e+02,1.150520263671875000e+03
1.262000000000000000e+03,7.862614135742187500e+02,2.090868896484375000e+03
1.263000000000000000e+03,9.184514770507812500e+02,1.804390258789062500e+03
1.264000000000000000e+03,8.312151489257812500e+02,8.635431518554687500e+02
1.265000000000000000e+03,8.644194335937500000e+02,8.806998291015625000e+02
1.266000000000000000e+03,9.378215332031250000e+02,1.394786010742187500e+03
1.267000000000000000e+03,8.840010986328125000e+02,1.879104125976562500e+03
1.268000000000000000e+03,7.795625610351562500e+02,9.217825317382812500e+02
1.269000000000000000e+03,8.835021362304687500e+02,1.107078857421875000e+03
1.270000000000000000e+03,7.423034057617187500e+02,1.101587036132812500e+03
1.271000000000000000e+03,8.354267578125000000e+02,1.503294433593750000e+03
1.272000000000000000e+03,9.587124023437500000e+02,9.337636108398437500e+02
1.273000000000000000e+03,7.966948852539062500e+02,1.248392578125000000e+03
1.274000000000000000e+03,9.057991943359375000e+02,1.103299316406250000e+03
1.275000000000000000e+03,7.618485717773437500e+02,8.671577148437500000e+02
1.276000000000000000e+03,8.713401489257812500e+02,8.552177124023437500e+02
1.277000000000000000e+03,8.814734497070312500e+02,1.451843261718750000e+03
1.278000000000000000e+03,7.496794433593750000e+02,1.708890747070312500e+03
1.279000000000000000e+03,7.328878784179687500e+02,8.572564086914062500e+02
1.280000000000000000e+03,7.501590576171875000e+02,8.522440795898437500e+02
1.281000000000000000e+03,8.269058227539062500e+02,8.597808837890625000e+02
1.282000000000000000e+03,7.963620605468750000e+02,9.249470214843750000e+02
1.283000000000000000e+03,9.284942016601562500e+02,2.208611083984375000e+03
1.284000000000000000e+03,7.739687500000000000e+02,1.016524108886718750e+03
1.285000000000000000e+03,8.397282104492187500e+02,1.573529174804687500e+03
1.286000000000000000e+03,7.943767700195312500e+02,1.014343994140625000e+03
1.287000000000000000e+03,8.119138183593750000e+02,1.013486206054687500e+03
1.288000000000000000e+03,7.141741333007812500e+02,1.059540161132812500e+03
1.289000000000000000e+03,7.344561767578125000e+02,1.573231445312500000e+03
1.290000000000000000e+03,8.288835449218750000e+02,1.014982666015625000e+03
1.291000000000000000e+03,7.743804931640625000e+02,1.854151611328125000e+03
1.292000000000000000e+03,7.791844482421875000e+02,9.271796264648437500e+02
1.293000000000000000e+03,7.503875732421875000e+02,9.821564941406250000e+02
1.294000000000000000e+03,7.136860351562500000e+02,1.416529907226562500e+03
1.295000000000000000e+03,7.698198852539062500e+02,1.382930419921875000e+03
1.296000000000000000e+03,7.922622680664062500e+02,9.197685546875000000e+02
1.297000000000000000e+03,8.019360961914062500e+02,1.063515747070312500e+03
1.298000000000000000e+03,8.459443969726562500e+02,2.164103271484375000e+03
1.299000000000000000e+03,7.824191894531250000e+02,8.929594726562500000e+02
1.300000000000000000e+03,9.076340332031250000e+02,8.606897583007812500e+02
1.301000000000000000e+03,7.966516113281250000e+02,2.063668457031250000e+03
1.302000000000000000e+03,7.655418701171875000e+02,2.230392822265625000e+03
1.303000000000000000e+03,8.198135986328125000e+02,2.776382568359375000e+03
1.304000000000000000e+03,7.744613647460937500e+02,8.957741088867187500e+02
1.305000000000000000e+03,7.628917236328125000e+02,2.904062011718750000e+03
1.306000000000000000e+03,7.609415283203125000e+02,1.330883544921875000e+03
1.307000000000000000e+03,7.771816406250000000e+02,1.247755371093750000e+03
1.308000000000000000e+03,8.176607666015625000e+02,8.566422119140625000e+02
1.309000000000000000e+03,6.398990478515625000e+02,9.235415039062500000e+02
1.310000000000000000e+03,8.050139160156250000e+02,8.523404541015625000e+02
1.311000000000000000e+03,7.611603393554687500e+02,1.350339111328125000e+03
1.312000000000000000e+03,7.070032958984375000e+02,1.910654663085937500e+03
1.313000000000000000e+03,7.801287841796875000e+02,1.228525878906250000e+03
1.314000000000000000e+03,7.374037475585937500e+02,8.743922729492187500e+02
1.315000000000000000e+03,7.030455322265625000e+02,8.722029418945312500e+02
1.316000000000000000e+03,8.096823120117187500e+02,8.707812500000000000e+02
1.317000000000000000e+03,6.930726928710937500e+02,8.743402099609375000e+02
1.318000000000000000e+03,7.120486450195312500e+02,8.786043701171875000e+02
1.319000000000000000e+03,7.155164184570312500e+02,8.603307495117187500e+02
1.320000000000000000e+03,6.747282714843750000e+02,1.040407836914062500e+03
1.321000000000000000e+03,6.928645629882812500e+02,3.374498535156250000e+03
1.322000000000000000e+03,8.159252319335937500e+02,8.872451171875000000e+02
1.323000000000000000e+03,7.422600708007812500e+02,9.294642944335937500e+02
1.324000000000000000e+03,6.595612792968750000e+02,1.301689453125000000e+03
1.325000000000000000e+03,6.671936035156250000e+02,9.942491455078125000e+02
1.326000000000000000e+03,7.257238159179687500e+02,1.618246826171875000e+03
1.327000000000000000e+03,8.372590332031250000e+02,1.090062988281250000e+03
1.328000000000000000e+03,7.067562255859375000e+02,1.208203247070312500e+03
1.329000000000000000e+03,6.870784912109375000e+02,1.435011840820312500e+03
1.330000000000000000e+03,6.522913208007812500e+02,8.653983764648437500e+02
1.331000000000000000e+03,6.984741210937500000e+02,8.648616333007812500e+02
1.332000000000000000e+03,7.914721069335937500e+02,9.290113525390625000e+02
1.333000000000000000e+03,6.443858642578125000e+02,2.562440429687500000e+03
1.334000000000000000e+03,7.411372680664062500e+02,8.924300537109375000e+02
1.335000000000000000e+03,6.899083251953125000e+02,9.657014160156250000e+02
1.336000000000000000e+03,7.109807739257812500e+02,1.049446655273437500e+03
1.337000000000000000e+03,7.523587036132812500e+02,1.076832763671875000e+03
1.338000000000000000e+03,6.325278320312500000e+02,8.783372192382812500e+02
1.339000000000000000e+03,7.074740600585937500e+02,1.789065307617187500e+03
1.340000000000000000e+03,6.809323120117187500e+02,9.282777709960937500e+02
1.341000000000000000e+03,6.854106445312500000e+02,1.173491821289062500e+03
1.342000000000000000e+03,6.644343872070312500e+02,1.080250244140625000e+03
1.343000000000000000e+03,7.084285888671875000e+02,1.495492187500000000e+03
1.344000000000000000e+03,7.038006591796875000e+02,1.292877929687500000e+03
1.345000000000000000e+03,7.249079589843750000e+02,8.608717041015625000e+02
1.346000000000000000e+03,6.269286499023437500e+02,8.825440673828125000e+02
1.347000000000000000e+03,6.488138427734375000e+02,8.616052856445312500e+02
1.348000000000000000e+03,6.603532714843750000e+02,9.908355102539062500e+02
1.349000000000000000e+03,7.927339477539062500e+02,9.264007568359375000e+02
1.350000000000000000e+03,6.992808227539062500e+02,8.624229125976562500e+02
1.351000000000000000e+03,7.041738281250000000e+02,8.599062500000000000e+02
1.352000000000000000e+03,7.359503784179687500e+02,1.026594482421875000e+03
1.353000000000000000e+03,7.226304321289062500e+02,8.936001586914062500e+02
1.354000000000000000e+03,7.225950927734375000e+02,8.910659790039062500e+02
1.355000000000000000e+03,7.340502929687500000e+02,8.800764770507812500e+02
1.356000000000000000e+03,7.702509155273437500e+02,1.153977050781250000e+03
1.357000000000000000e+03,6.600068969726562500e+02,9.560641479492187500e+02
1.358000000000000000e+03,7.398219604492187500e+02,1.142873413085937500e+03
1.359000000000000000e+03,6.719793701171875000e+02,1.008991760253906250e+03
1.360000000000000000e+03,6.457900390625000000e+02,1.042424926757812500e+03
1.361000000000000000e+03,6.808920288085937500e+02,9.930240478515625000e+02
1.362000000000000000e+03,6.243813476562500000e+02,8.839325561523437500e+02
1.363000000000000000e+03,7.061151733398437500e+02,3.129872314453125000e+03
1.364000000000000000e+03,7.139740600585937500e+02,9.401401977539062500e+02
1.365000000000000000e+03,7.424286499023437500e+02,1.765791259765625000e+03
1.366000000000000000e+03,6.102025146484375000e+02,8.825972290039062500e+02
1.367000000000000000e+03,7.262460327148437500e+02,9.373693847656250000e+02
1.368000000000000000e+03,6.553322753906250000e+02,1.617536865234375000e+03
1.369000000000000000e+03,7.357962036132812500e+02,8.702222290039062500e+02
1.370000000000000000e+03,6.571979980468750000e+02,1.149369628906250000e+03
1.371000000000000000e+03,6.219116210937500000e+02,8.664772338867187500e+02
1.372000000000000000e+03,6.766430664062500000e+02,1.877455688476562500e+03
1.373000000000000000e+03,6.996677856445312500e+02,1.002552246093750000e+03
1.374000000000000000e+03,7.415087890625000000e+02,9.709989013671875000e+02
1.375000000000000000e+03,7.660286254882812500e+02,1.346276245117187500e+03
1.376000000000000000e+03,6.751528320312500000e+02,8.643044433593750000e+02
1.377000000000000000e+03,5.823453979492187500e+02,1.099327148437500000e+03
1.378000000000000000e+03,6.968557739257812500e+02,8.780703735351562500e+02
1.379000000000000000e+03,7.538876953125000000e+02,9.931116333007812500e+02
1.380000000000000000e+03,7.808249511718750000e+02,1.033631835937500000e+03
1.381000000000000000e+03,7.933461914062500000e+02,8.613746337890625000e+02
1.382000000000000000e+03,7.466272583007812500e+02,8.894742431640625000e+02
1.383000000000000000e+03,6.917811889648437500e+02,8.779727172851562500e+02
1.384000000000000000e+03,6.434772338867187500e+02,8.786149291992187500e+02
1.385000000000000000e+03,6.894645385742187500e+02,2.610736572265625000e+03
1.386000000000000000e+03,7.047532958984375000e+02,8.688176269531250000e+02
1.387000000000000000e+03,6.727576904296875000e+02,9.162203369140625000e+02
1.388000000000000000e+03,6.162792968750000000e+02,9.563381958007812500e+02
1.389000000000000000e+03,6.791577148437500000e+02,1.245247436523437500e+03
1.390000000000000000e+03,6.092676391601562500e+02,1.443315795898437500e+03
1.391000000000000000e+03,7.031820678710937500e+02,1.493953247070312500e+03
1.392000000000000000e+03,6.778389892578125000e+02,8.741318359375000000e+02
1.393000000000000000e+03,7.050029296875000000e+02,9.491889038085937500e+02
1.394000000000000000e+03,6.301526489257812500e+02,1.065512817382812500e+03
1.395000000000000000e+03,6.321685180664062500e+02,8.658852539062500000e+02
1.396000000000000000e+03,6.669117431640625000e+02,8.807925415039062500e+02
1.397000000000000000e+03,7.085421752929687500e+02,1.108572509765625000e+03
1.398000000000000000e+03,6.844283447265625000e+02,9.355569458007812500e+02
1.399000000000000000e+03,7.203859252929687500e+02,9.727205810546875000e+02
1.400000000000000000e+03,6.770223999023437500e+02,8.682868041992187500e+02
1.401000000000000000e+03,6.579232788085937500e+02,9.058671875000000000e+02
1.402000000000000000e+03,6.541344604492187500e+02,2.177417236328125000e+03
1.403000000000000000e+03,6.805447387695312500e+02,1.090269653320312500e+03
1.404000000000000000e+03,6.851733398437500000e+02,8.716231689453125000e+02
1.405000000000000000e+03,6.004488525390625000e+02,8.764960327148437500e+02
1.406000000000000000e+03,6.217229003906250000e+02,9.562163085937500000e+02
1.407000000000000000e+03,6.774279174804687500e+02,8.730666503906250000e+02
1.408000000000000000e+03,6.993591308593750000e+02,8.733258666992187500e+02
1.409000000000000000e+03,6.221637573242187500e+02,1.461447509765625000e+03
1.410000000000000000e+03,6.570380859375000000e+02,9.944937744140625000e+02
1.411000000000000000e+03,6.588930664062500000e+02,8.904189453125000000e+02
1.412000000000000000e+03,6.530142822265625000e+02,1.161111816406250000e+03
1.413000000000000000e+03,6.916959838867187500e+02,1.103005249023437500e+03
1.414000000000000000e+03,6.720029296875000000e+02,8.836677246093750000e+02
1.415000000000000000e+03,6.302044677734375000e+02,9.286132202148437500e+02
1.416000000000000000e+03,6.283621215820312500e+02,8.755662231445312500e+02
1.417000000000000000e+03,6.199601440429687500e+02,8.733947143554687500e+02
1.418000000000000000e+03,6.679822998046875000e+02,8.992801513671875000e+02
1.419000000000000000e+03,6.317014160156250000e+02,9.734395751953125000e+02
1.420000000000000000e+03,6.316397094726562500e+02,8.832551879882812500e+02
1.421000000000000000e+03,6.515361328125000000e+02,8.719105224609375000e+02
1.422000000000000000e+03,6.389837646484375000e+02,9.647636108398437500e+02
1.423000000000000000e+03,6.501735229492187500e+02,1.162351074218750000e+03
1.424000000000000000e+03,6.558600463867187500e+02,9.469650268554687500e+02
1.425000000000000000e+03,6.350612182617187500e+02,9.552412109375000000e+02
1.426000000000000000e+03,6.388964843750000000e+02,8.984327392578125000e+02
1.427000000000000000e+03,6.610624389648437500e+02,9.516161499023437500e+02
1.428000000000000000e+03,6.929071655273437500e+02,9.319730834960937500e+02
1.429000000000000000e+03,6.798223266601562500e+02,1.224920043945312500e+03
1.430000000000000000e+03,6.717734375000000000e+02,8.976796875000000000e+02
1.431000000000000000e+03,6.577629394531250000e+02,8.705487060546875000e+02
1.432000000000000000e+03,6.045469970703125000e+02,1.139489501953125000e+03
1.433000000000000000e+03,6.252714233398437500e+02,9.041607666015625000e+02
1.434000000000000000e+03,6.115557861328125000e+02,9.440863647460937500e+02
1.435000000000000000e+03,6.379877929687500000e+02,9.273662109375000000e+02
1.436000000000000000e+03,6.407113037109375000e+02,1.086388916015625000e+03
1.437000000000000000e+03,6.769460449218750000e+02,8.871099853515625000e+02
1.438000000000000000e+03,6.683576049804687500e+02,1.121946533203125000e+03
1.439000000000000000e+03,6.422041625976562500e+02,8.682902832031250000e+02
1.440000000000000000e+03,6.748551635742187500e+02,9.299051513671875000e+02
1.441000000000000000e+03,6.320780029296875000e+02,2.060366943359375000e+03
1.442000000000000000e+03,5.882457885742187500e+02,9.696387329101562500e+02
1.443000000000000000e+03,6.329751586914062500e+02,9.313238525390625000e+02
1.444000000000000000e+03,6.613341064453125000e+02,8.766044311523437500e+02
1.445000000000000000e+03,7.032133789062500000e+02,8.625882568359375000e+02
1.446000000000000000e+03,7.404883422851562500e+02,8.673529663085937500e+02
1.447000000000000000e+03,6.855946655273437500e+02,9.071376953125000000e+02
1.448000000000000000e+03,6.635617675781250000e+02,9.078597412109375000e+02
1.449000000000000000e+03,5.477049560546875000e+02,1.567174682617187500e+03
1.450000000000000000e+03,6.415389404296875000e+02,1.166773315429687500e+03
1.451000000000000000e+03,6.112010498046875000e+02,1.800735229492187500e+03
1.452000000000000000e+03,6.765181274414062500e+02,1.111702880859375000e+03
1.453000000000000000e+03,5.884376220703125000e+02,1.627231201171875000e+03
1.454000000000000000e+03,6.654046630859375000e+02,1.654767211914062500e+03
1.455000000000000000e+03,6.658747558593750000e+02,8.804765014648437500e+02
1.456000000000000000e+03,5.911407470703125000e+02,9.054157104492187500e+02
1.457000000000000000e+03,6.717887573242187500e+02,1.029587036132812500e+03
1.458000000000000000e+03,6.113561401367187500e+02,8.690666503906250000e+02
1.459000000000000000e+03,6.854724121093750000e+02,9.784876098632812500e+02
1.460000000000000000e+03,5.701519165039062500e+02,8.852796630859375000e+02
1.461000000000000000e+03,6.077245483398437500e+02,1.008090270996093750e+03
1.462000000000000000e+03,6.052271118164062500e+02,9.761095581054687500e+02
1.463000000000000000e+03,6.064570922851562500e+02,8.910388793945312500e+02
1.464000000000000000e+03,6.394962158203125000e+02,1.034136962890625000e+03
1.465000000000000000e+03,5.822211914062500000e+02,8.806585083007812500e+02
1.466000000000000000e+03,6.313642578125000000e+02,8.710966186523437500e+02
1.467000000000000000e+03,6.300582885742187500e+02,9.743624267578125000e+02
1.468000000000000000e+03,6.846953735351562500e+02,8.653176879882812500e+02
1.469000000000000000e+03,7.067830200195312500e+02,9.458275146484375000e+02
1.470000000000000000e+03,6.210847778320312500e+02,1.303508666992187500e+03
1.471000000000000000e+03,7.050672607421875000e+02,1.137883300781250000e+03
1.472000000000000000e+03,6.308471069335937500e+02,9.210178222656250000e+02
1.473000000000000000e+03,6.334290161132812500e+02,9.714120483398437500e+02
1.474000000000000000e+03,6.719399414062500000e+02,1.019828491210937500e+03
1.475000000000000000e+03,6.337017822265625000e+02,1.324832519531250000e+03
1.476000000000000000e+03,6.465272216796875000e+02,1.001098632812500000e+03
1.477000000000000000e+03,6.380664672851562500e+02,1.194096191406250000e+03
1.478000000000000000e+03,7.141898193359375000e+02,9.068423461914062500e+02
1.479000000000000000e+03,6.584115600585937500e+02,8.684189453125000000e+02
1.480000000000000000e+03,6.456728515625000000e+02,9.040087890625000000e+02
1.481000000000000000e+03,6.370590209960937500e+02,1.346306030273437500e+03
1.482000000000000000e+03,6.470520629882812500e+02,9.945876464843750000e+02
1.483000000000000000e+03,6.319823608398437500e+02,1.416423583984375000e+03
1.484000000000000000e+03,6.374976806640625000e+02,1.066300170898437500e+03
1.485000000000000000e+03,5.591155395507812500e+02,2.590528564453125000e+03
1.486000000000000000e+03,6.769918212890625000e+02,9.042411499023437500e+02
1.487000000000000000e+03,6.072949218750000000e+02,8.908005371093750000e+02
1.488000000000000000e+03,6.441763916015625000e+02,8.914219360351562500e+02
1.489000000000000000e+03,6.523822631835937500e+02,9.130596923828125000e+02
1.490000000000000000e+03,6.252314453125000000e+02,8.670682983398437500e+02
1.491000000000000000e+03,5.982255249023437500e+02,8.729997558593750000e+02
1.492000000000000000e+03,6.764028930664062500e+02,8.870642089843750000e+02
1.493000000000000000e+03,6.183040771484375000e+02,1.355623046875000000e+03
1.494000000000000000e+03,6.390371093750000000e+02,9.568848266601562500e+02
1.495000000000000000e+03,5.922296752929687500e+02,9.210121459960937500e+02
1.496000000000000000e+03,6.333377685546875000e+02,8.936195068359375000e+02
1.497000000000000000e+03,6.857846679687500000e+02,9.486317749023437500e+02
1.498000000000000000e+03,5.751961059570312500e+02,2.636526855468750000e+03
1.499000000000000000e+03,6.188541870117187500e+02,1.068454589843750000e+03
1.500000000000000000e+03,6.571544799804687500e+02,8.736070556640625000e+02
1.501000000000000000e+03,5.996873779296875000e+02,1.048738403320312500e+03
1.502000000000000000e+03,6.003395996093750000e+02,9.942586059570312500e+02
1.503000000000000000e+03,6.382334594726562500e+02,1.298212158203125000e+03
1.504000000000000000e+03,6.316632690429687500e+02,8.660158081054687500e+02
1.505000000000000000e+03,7.089633789062500000e+02,9.622777099609375000e+02
1.506000000000000000e+03,6.709956054687500000e+02,1.161912597656250000e+03
1.507000000000000000e+03,6.125622558593750000e+02,1.183286254882812500e+03
1.508000000000000000e+03,6.243698120117187500e+02,2.135521972656250000e+03
1.509000000000000000e+03,6.495381469726562500e+02,9.790472412109375000e+02
1.510000000000000000e+03,5.967456665039062500e+02,8.658047485351562500e+02
1.511000000000000000e+03,6.239822998046875000e+02,1.209868896484375000e+03
1.512000000000000000e+03,6.148434448242187500e+02,8.918750610351562500e+02
1.513000000000000000e+03,6.624183959960937500e+02,9.166118774414062500e+02
1.514000000000000000e+03,7.260928344726562500e+02,9.199490356445312500e+02
1.515000000000000000e+03,6.881953735351562500e+02,9.466627807617187500e+02
1.516000000000000000e+03,5.663124389648437500e+02,9.289746704101562500e+02
1.517000000000000000e+03,7.241969604492187500e+02,9.226522827148437500e+02
1.518000000000000000e+03,6.777133789062500000e+02,1.041528686523437500e+03
1.519000000000000000e+03,7.013101196289062500e+02,1.100031127929687500e+03
1.520000000000000000e+03,6.390950317382812500e+02,9.507766723632812500e+02
1.521000000000000000e+03,6.682407226562500000e+02,1.053126831054687500e+03
1.522000000000000000e+03,6.935792236328125000e+02,8.639446411132812500e+02
1.523000000000000000e+03,6.135881347656250000e+02,1.007427368164062500e+03
1.524000000000000000e+03,6.547146606445312500e+02,8.811710205078125000e+02
1.525000000000000000e+03,6.348087768554687500e+02,8.901400756835937500e+02
1.526000000000000000e+03,6.885788574218750000e+02,9.790520019531250000e+02
1.527000000000000000e+03,6.730797729492187500e+02,8.639670410156250000e+02
1.528000000000000000e+03,6.801693725585937500e+02,9.071506958007812500e+02
1.529000000000000000e+03,6.486386718750000000e+02,1.148023925781250000e+03
1.530000000000000000e+03,6.909409179687500000e+02,1.278960083007812500e+03
1.531000000000000000e+03,5.838280029296875000e+02,8.654761352539062500e+02
1.532000000000000000e+03,6.096607666015625000e+02,9.006002807617187500e+02
1.533000000000000000e+03,6.092443237304687500e+02,8.646699829101562500e+02
1.534000000000000000e+03,6.009251708984375000e+02,1.053111572265625000e+03
1.535000000000000000e+03,6.295426635742187500e+02,9.368229370117187500e+02
1.536000000000000000e+03,6.267958374023437500e+02,9.392482910156250000e+02
1.537000000000000000e+03,6.057867431640625000e+02,9.468347167968750000e+02
1.538000000000000000e+03,5.575647583007812500e+02,1.085771972656250000e+03
1.539000000000000000e+03,6.381782226562500000e+02,1.019110473632812500e+03
1.540000000000000000e+03,6.469584350585937500e+02,8.680813598632812500e+02
1.541000000000000000e+03,6.249621582031250000e+02,1.760947875976562500e+03
1.542000000000000000e+03,6.621915893554687500e+02,8.648427124023437500e+02
1.543000000000000000e+03,6.054548950195312500e+02,8.755335693359375000e+02
1.544000000000000000e+03,6.222813720703125000e+02,9.976091918945312500e+02
1.545000000000000000e+03,6.471349487304687500e+02,9.117603149414062500e+02
1.546000000000000000e+03,5.713405761718750000e+02,1.312766479492187500e+03
1.547000000000000000e+03,6.526592407226562500e+02,8.897314453125000000e+02
1.548000000000000000e+03,6.660848999023437500e+02,9.809746704101562500e+02
1.549000000000000000e+03,6.133149414062500000e+02,2.079964111328125000e+03
1.550000000000000000e+03,6.419395751953125000e+02,1.281198120117187500e+03
1.551000000000000000e+03,5.716878662109375000e+02,9.735918579101562500e+02
1.552000000000000000e+03,5.983453369140625000e+02,9.580857543945312500e+02
1.553000000000000000e+03,5.766025390625000000e+02,8.679782714843750000e+02
1.554000000000000000e+03,5.777707519531250000e+02,8.696864013671875000e+02
1.555000000000000000e+03,5.810292968750000000e+02,8.842593994140625000e+02
1.556000000000000000e+03,7.781691894531250000e+02,2.721931396484375000e+03
1.557000000000000000e+03,7.304854125976562500e+02,8.611021118164062500e+02
1.558000000000000000e+03,7.089481201171875000e+02,9.252435913085937500e+02
1.559000000000000000e+03,6.982302246093750000e+02,8.582916870117187500e+02
1.560000000000000000e+03,6.740189208984375000e+02,1.229521362304687500e+03
1.561000000000000000e+03,6.693977661132812500e+02,8.567061767578125000e+02
1.562000000000000000e+03,6.850333251953125000e+02,1.214669433593750000e+03
1.563000000000000000e+03,6.925720825195312500e+02,1.216974121093750000e+03
1.564000000000000000e+03,6.703217163085937500e+02,9.208706665039062500e+02
1.565000000000000000e+03,6.824965209960937500e+02,8.898030395507812500e+02
1.566000000000000000e+03,6.653300781250000000e+02,8.546124267578125000e+02
1.567000000000000000e+03,6.897784423828125000e+02,2.160083740234375000e+03
1.568000000000000000e+03,6.731420288085937500e+02,1.006671081542968750e+03
1.569000000000000000e+03,6.620125732421875000e+02,1.333611083984375000e+03
1.570000000000000000e+03,6.264375610351562500e+02,1.992772338867187500e+03
1.571000000000000000e+03,7.384799804687500000e+02,8.562865600585937500e+02
1.572000000000000000e+03,6.531669921875000000e+02,1.802311645507812500e+03
1.573000000000000000e+03,7.156162109375000000e+02,9.116403808593750000e+02
1.574000000000000000e+03,6.440200195312500000e+02,1.266541259765625000e+03
1.575000000000000000e+03,6.760869140625000000e+02,9.041031494140625000e+02
1.576000000000000000e+03,6.765217895507812500e+02,1.218461303710937500e+03
1.577000000000000000e+03,6.113201904296875000e+02,8.629781494140625000e+02
1.578000000000000000e+03,6.232672119140625000e+02,1.359526367187500000e+03
1.579000000000000000e+03,6.172806396484375000e+02,9.324910888671875000e+02
1.580000000000000000e+03,6.912409057617187500e+02,8.778695068359375000e+02
1.581000000000000000e+03,5.664953613281250000e+02,8.627739868164062500e+02
1.582000000000000000e+03,6.306912841796875000e+02,8.944561767578125000e+02
1.583000000000000000e+03,6.348363037109375000e+02,8.849541015625000000e+02
1.584000000000000000e+03,5.808047485351562500e+02,8.641805419921875000e+02
1.585000000000000000e+03,6.334990234375000000e+02,9.754671630859375000e+02
1.586000000000000000e+03,6.787272338867187500e+02,8.883231811523437500e+02
1.587000000000000000e+03,6.453606567382812500e+02,8.854891357421875000e+02
1.588000000000000000e+03,6.068667602539062500e+02,1.384114257812500000e+03
1.589000000000000000e+03,6.370781860351562500e+02,8.611171875000000000e+02
1.590000000000000000e+03,6.037902221679687500e+02,1.378498168945312500e+03
1.591000000000000000e+03,7.000782470703125000e+02,8.899313354492187500e+02
1.592000000000000000e+03,5.833139648437500000e+02,1.290408325195312500e+03
1.593000000000000000e+03,6.631018066406250000e+02,8.592477416992187500e+02
1.594000000000000000e+03,6.154374389648437500e+02,1.507372436523437500e+03
1.595000000000000000e+03,6.158928222656250000e+02,1.083547973632812500e+03
1.596000000000000000e+03,5.943356933593750000e+02,1.956483642578125000e+03
1.597000000000000000e+03,5.717556762695312500e+02,1.011236267089843750e+03
1.598000000000000000e+03,6.312383422851562500e+02,1.587875122070312500e+03
1.599000000000000000e+03,6.299552612304687500e+02,8.666903076171875000e+02
1.600000000000000000e+03,5.994515380859375000e+02,1.372077758789062500e+03
1.601000000000000000e+03,5.784332275390625000e+02,1.912297363281250000e+03
1.602000000000000000e+03,6.128858642578125000e+02,1.888699340820312500e+03
1.603000000000000000e+03,6.013667602539062500e+02,9.151743164062500000e+02
1.604000000000000000e+03,6.349300537109375000e+02,1.085991455078125000e+03
1.605000000000000000e+03,6.067011108398437500e+02,8.671595458984375000e+02
1.606000000000000000e+03,6.181525878906250000e+02,9.923143920898437500e+02
1.607000000000000000e+03,5.683952026367187500e+02,9.697639160156250000e+02
1.608000000000000000e+03,5.827428588867187500e+02,8.662117309570312500e+02
1.609000000000000000e+03,6.393886718750000000e+02,8.590247192382812500e+02
1.610000000000000000e+03,6.419172363281250000e+02,1.342121215820312500e+03
1.611000000000000000e+03,6.424945068359375000e+02,1.078287719726562500e+03
1.612000000000000000e+03,6.275044555664062500e+02,8.716767578125000000e+02
1.613000000000000000e+03,6.147401123046875000e+02,8.964533691406250000e+02
1.614000000000000000e+03,6.330242309570312500e+02,8.697382202148437500e+02
1.615000000000000000e+03,6.503095703125000000e+02,8.900117187500000000e+02
1.616000000000000000e+03,5.869005737304687500e+02,1.086049438476562500e+03
1.617000000000000000e+03,6.355737304687500000e+02,8.689068603515625000e+02
1.618000000000000000e+03,6.121579589843750000e+02,9.327430419921875000e+02
1.619000000000000000e+03,6.450604858398437500e+02,9.031979370117187500e+02
1.620000000000000000e+03,6.284215698242187500e+02,1.176620727539062500e+03
1.621000000000000000e+03,5.908464355468750000e+02,9.333344726562500000e+02
1.622000000000000000e+03,6.016445922851562500e+02,9.240673828125000000e+02
1.623000000000000000e+03,5.781194458007812500e+02,1.030581909179687500e+03
1.624000000000000000e+03,6.183212890625000000e+02,8.677423706054687500e+02
1.625000000000000000e+03,6.283091430664062500e+02,9.060579833984375000e+02
1.626000000000000000e+03,6.114437255859375000e+02,1.452965698242187500e+03
1.627000000000000000e+03,6.285587158203125000e+02,1.057591308593750000e+03
1.628000000000000000e+03,5.525039062500000000e+02,1.365243774414062500e+03
1.629000000000000000e+03,6.392286376953125000e+02,8.936100463867187500e+02
1.630000000000000000e+03,6.173493041992187500e+02,9.723659667968750000e+02
1.631000000000000000e+03,6.170726318359375000e+02,8.716124877929687500e+02
1.632000000000000000e+03,6.248193969726562500e+02,1.146289550781250000e+03
1.633000000000000000e+03,6.776453857421875000e+02,8.739307250976562500e+02
1.634000000000000000e+03,6.219322509765625000e+02,1.010821960449218750e+03
1.635000000000000000e+03,5.909567260742187500e+02,9.046448974609375000e+02
1.636000000000000000e+03,6.202731933593750000e+02,8.797176513671875000e+02
1.637000000000000000e+03,7.031447753906250000e+02,1.118045043945312500e+03
1.638000000000000000e+03,6.676123046875000000e+02,9.559444580078125000e+02
1.639000000000000000e+03,6.676245727539062500e+02,8.577412109375000000e+02
1.640000000000000000e+03,6.737161254882812500e+02,8.947125244140625000e+02
1.641000000000000000e+03,6.274069213867187500e+02,8.851367797851562500e+02
1.642000000000000000e+03,5.811731567382812500e+02,1.073495849609375000e+03
1.643000000000000000e+03,6.137274780273437500e+02,8.624876708984375000e+02
1.644000000000000000e+03,5.916165161132812500e+02,8.606297607421875000e+02
1.645000000000000000e+03,5.941165161132812500e+02,8.844062500000000000e+02
1.646000000000000000e+03,6.434951171875000000e+02,9.260278930664062500e+02
1.647000000000000000e+03,5.783720092773437500e+02,1.188802856445312500e+03
1.648000000000000000e+03,6.089931030273437500e+02,9.952892456054687500e+02
1.649000000000000000e+03,6.192541503906250000e+02,8.570559082031250000e+02
1.650000000000000000e+03,5.801437377929687500e+02,9.374906005859375000e+02
1.651000000000000000e+03,5.969729614257812500e+02,8.787096557617187500e+02
1.652000000000000000e+03,6.075324707031250000e+02,1.164355712890625000e+03
1.653000000000000000e+03,6.475566406250000000e+02,1.318479614257812500e+03
1.654000000000000000e+03,5.852911987304687500e+02,1.022648986816406250e+03
1.655000000000000000e+03,6.776160888671875000e+02,9.348229370117187500e+02
1.656000000000000000e+03,5.798409423828125000e+02,9.372695312500000000e+02
1.657000000000000000e+03,6.139451904296875000e+02,9.162350463867187500e+02
1.658000000000000000e+03,6.840036010742187500e+02,1.083847167968750000e+03
1.659000000000000000e+03,6.232736816406250000e+02,1.018145629882812500e+03
1.660000000000000000e+03,6.976045532226562500e+02,8.583593139648437500e+02
1.661000000000000000e+03,5.502696533203125000e+02,1.148691528320312500e+03
1.662000000000000000e+03,6.329303588867187500e+02,1.292802368164062500e+03
1.663000000000000000e+03,6.219732666015625000e+02,1.062619384765625000e+03
1.664000000000000000e+03,5.636786499023437500e+02,1.190003540039062500e+03
1.665000000000000000e+03,6.552928466796875000e+02,8.560684204101562500e+02
1.666000000000000000e+03,6.050228881835937500e+02,9.090990600585937500e+02
1.667000000000000000e+03,6.223882446289062500e+02,9.949085693359375000e+02
1.668000000000000000e+03,6.358105468750000000e+02,8.974923706054687500e+02
1.669000000000000000e+03,6.133219604492187500e+02,1.309210327148437500e+03
1.670000000000000000e+03,5.872308959960937500e+02,1.915517211914062500e+03
1.671000000000000000e+03,6.457058105468750000e+02,1.020599975585937500e+03
1.672000000000000000e+03,6.125134887695312500e+02,8.935906372070312500e+02
1.673000000000000000e+03,5.931349487304687500e+02,8.983626098632812500e+02
1.674000000000000000e+03,6.509649047851562500e+02,8.633439331054687500e+02
1.675000000000000000e+03,6.392796020507812500e+02,9.427398681640625000e+02
1.676000000000000000e+03,6.184050292968750000e+02,1.910760375976562500e+03
1.677000000000000000e+03,5.887365112304687500e+02,9.371448974609375000e+02
1.678000000000000000e+03,6.196737060546875000e+02,1.086810668945312500e+03
1.679000000000000000e+03,6.740502929687500000e+02,9.845916748046875000e+02
1.680000000000000000e+03,6.187575683593750000e+02,1.159504028320312500e+03
1.681000000000000000e+03,6.071563110351562500e+02,9.462485961914062500e+02
1.682000000000000000e+03,6.058672485351562500e+02,9.143087768554687500e+02
1.683000000000000000e+03,5.810002441406250000e+02,8.626318359375000000e+02
1.684000000000000000e+03,5.714536132812500000e+02,9.611833496093750000e+02
1.685000000000000000e+03,6.152073364257812500e+02,9.022526245117187500e+02
1.686000000000000000e+03,5.846124877929687500e+02,9.155795898437500000e+02
1.687000000000000000e+03,6.328261718750000000e+02,1.252880615234375000e+03
1.688000000000000000e+03,5.741989135742187500e+02,2.933495117187500000e+03
1.689000000000000000e+03,6.847825317382812500e+02,8.793420410156250000e+02
1.690000000000000000e+03,6.243044433593750000e+02,8.698397827148437500e+02
1.691000000000000000e+03,6.447266845703125000e+02,9.262485351562500000e+02
1.692000000000000000e+03,6.401046752929687500e+02,1.007329833984375000e+03
1.693000000000000000e+03,6.147388916015625000e+02,1.408274780273437500e+03
1.694000000000000000e+03,5.943776245117187500e+02,9.707213745117187500e+02
1.695000000000000000e+03,5.901881103515625000e+02,1.088450805664062500e+03
1.696000000000000000e+03,5.899879150390625000e+02,2.447222900390625000e+03
1.697000000000000000e+03,5.997602539062500000e+02,1.090438598632812500e+03
1.698000000000000000e+03,6.224107666015625000e+02,8.716414794921875000e+02
1.699000000000000000e+03,5.904631958007812500e+02,1.380702514648437500e+03
1.700000000000000000e+03,6.167102050781250000e+02,8.777524414062500000e+02
1.701000000000000000e+03,6.447959594726562500e+02,8.735650024414062500e+02
1.702000000000000000e+03,7.120214843750000000e+02,9.711934814453125000e+02
1.703000000000000000e+03,6.648596801757812500e+02,2.038303833007812500e+03
1.704000000000000000e+03,6.716526489257812500e+02,9.643452148437500000e+02
1.705000000000000000e+03,6.653382568359375000e+02,8.718305664062500000e+02
1.706000000000000000e+03,7.078200683593750000e+02,1.208728149414062500e+03
1.707000000000000000e+03,6.388131713867187500e+02,1.078433715820312500e+03
1.708000000000000000e+03,6.755559692382812500e+02,9.747734375000000000e+02
1.709000000000000000e+03,5.956725463867187500e+02,8.558916625976562500e+02
1.710000000000000000e+03,5.978265380859375000e+02,8.950932006835937500e+02
1.711000000000000000e+03,6.546694335937500000e+02,1.246634155273437500e+03
1.712000000000000000e+03,6.221084594726562500e+02,1.243180053710937500e+03
1.713000000000000000e+03,6.696251220703125000e+02,8.610865478515625000e+02
1.714000000000000000e+03,7.493746948242187500e+02,8.618348388671875000e+02
1.715000000000000000e+03,5.900142211914062500e+02,9.046357421875000000e+02
1.716000000000000000e+03,6.123466186523437500e+02,1.906313842773437500e+03
1.717000000000000000e+03,6.912212524414062500e+02,9.257048339843750000e+02
1.718000000000000000e+03,5.658036499023437500e+02,9.110446166992187500e+02
1.719000000000000000e+03,6.110504760742187500e+02,9.809603271484375000e+02
1.720000000000000000e+03,6.047998657226562500e+02,1.203960693359375000e+03
1.721000000000000000e+03,6.700265502929687500e+02,9.375832519531250000e+02
1.722000000000000000e+03,6.623948364257812500e+02,8.567017211914062500e+02
1.723000000000000000e+03,6.042420043945312500e+02,8.714567871093750000e+02
1.724000000000000000e+03,6.448217163085937500e+02,9.922012939453125000e+02
1.725000000000000000e+03,6.302460327148437500e+02,8.561501464843750000e+02
1.726000000000000000e+03,6.007920532226562500e+02,9.056729736328125000e+02
1.727000000000000000e+03,7.018524780273437500e+02,9.187715454101562500e+02
1.728000000000000000e+03,6.007096557617187500e+02,2.068434326171875000e+03
1.729000000000000000e+03,6.667252807617187500e+02,1.680073608398437500e+03
1.730000000000000000e+03,7.103930664062500000e+02,8.726134643554687500e+02
1.731000000000000000e+03,6.553217163085937500e+02,9.273131713867187500e+02
1.732000000000000000e+03,6.721907958984375000e+02,8.839814453125000000e+02
1.733000000000000000e+03,6.704168090820312500e+02,9.316826171875000000e+02
1.734000000000000000e+03,6.571765136718750000e+02,8.796948852539062500e+02
1.735000000000000000e+03,6.913240356445312500e+02,9.787900390625000000e+02
1.736000000000000000e+03,6.784406127929687500e+02,9.924685058593750000e+02
1.737000000000000000e+03,6.913395385742187500e+02,8.766815795898437500e+02
1.738000000000000000e+03,5.606415405273437500e+02,1.888642211914062500e+03
1.739000000000000000e+03,6.105239257812500000e+02,8.573577270507812500e+02
1.740000000000000000e+03,5.884749755859375000e+02,9.530129394531250000e+02
1.741000000000000000e+03,6.143760986328125000e+02,8.666934204101562500e+02
1.742000000000000000e+03,6.516192626953125000e+02,9.628252563476562500e+02
1.743000000000000000e+03,5.841434326171875000e+02,1.247092895507812500e+03
1.744000000000000000e+03,6.106758422851562500e+02,1.293028564453125000e+03
1.745000000000000000e+03,6.386190185546875000e+02,1.079072875976562500e+03
1.746000000000000000e+03,6.027333984375000000e+02,9.349769897460937500e+02
1.747000000000000000e+03,6.058619384765625000e+02,1.300152099609375000e+03
1.748000000000000000e+03,5.843801879882812500e+02,9.417691650390625000e+02
1.749000000000000000e+03,5.838005371093750000e+02,8.540332641601562500e+02
1.750000000000000000e+03,5.934490356445312500e+02,8.514766235351562500e+02
1.751000000000000000e+03,6.325198364257812500e+02,8.893526611328125000e+02
1.752000000000000000e+03,6.794385986328125000e+02,8.865891723632812500e+02
1.753000000000000000e+03,6.188601074218750000e+02,1.253028320312500000e+03
1.754000000000000000e+03,6.371806030273437500e+02,9.006210937500000000e+02
1.755000000000000000e+03,6.543270263671875000e+02,1.143275390625000000e+03
1.756000000000000000e+03,6.052094116210937500e+02,1.024354492187500000e+03
1.757000000000000000e+03,6.184592285156250000e+02,8.599823608398437500e+02
1.758000000000000000e+03,6.173622436523437500e+02,1.095665405273437500e+03
1.759000000000000000e+03,6.666467895507812500e+02,8.628511962890625000e+02
1.760000000000000000e+03,5.367954711914062500e+02,9.241162109375000000e+02
1.761000000000000000e+03,6.015336303710937500e+02,1.001873291015625000e+03
1.762000000000000000e+03,6.168347167968750000e+02,9.623059082031250000e+02
1.763000000000000000e+03,6.673709716796875000e+02,8.729389648437500000e+02
1.764000000000000000e+03,5.807802734375000000e+02,9.393504638671875000e+02
1.765000000000000000e+03,5.865476684570312500e+02,8.573492431640625000e+02
1.766000000000000000e+03,6.255186767578125000e+02,1.058241333007812500e+03
1.767000000000000000e+03,6.389700317382812500e+02,8.551030273437500000e+02
1.768000000000000000e+03,6.187906494140625000e+02,8.584650878906250000e+02
1.769000000000000000e+03,6.009202880859375000e+02,8.597003173828125000e+02
1.770000000000000000e+03,6.131904907226562500e+02,8.601468505859375000e+02
1.771000000000000000e+03,6.102482299804687500e+02,8.529129638671875000e+02
1.772000000000000000e+03,6.233220214843750000e+02,9.803756713867187500e+02
1.773000000000000000e+03,5.707131958007812500e+02,9.319953002929687500e+02
1.774000000000000000e+03,6.241938476562500000e+02,9.117255859375000000e+02
1.775000000000000000e+03,5.835239868164062500e+02,8.543285522460937500e+02
1.776000000000000000e+03,5.909507446289062500e+02,1.884817138671875000e+03
1.777000000000000000e+03,6.284243164062500000e+02,1.488060058593750000e+03
1.778000000000000000e+03,6.202135620117187500e+02,9.955377807617187500e+02
1.779000000000000000e+03,6.198891601562500000e+02,1.273598754882812500e+03
1.780000000000000000e+03,5.858641967773437500e+02,9.690199584960937500e+02
1.781000000000000000e+03,6.523175048828125000e+02,1.973126586914062500e+03
1.782000000000000000e+03,6.512999267578125000e+02,9.009603881835937500e+02
1.783000000000000000e+03,7.204613647460937500e+02,8.727731933593750000e+02
1.784000000000000000e+03,5.597923583984375000e+02,1.093973144531250000e+03
1.785000000000000000e+03,6.194488525390625000e+02,2.078378906250000000e+03
1.786000000000000000e+03,6.082494506835937500e+02,8.885209960937500000e+02
1.787000000000000000e+03,6.235120849609375000e+02,1.315256958007812500e+03
1.788000000000000000e+03,6.368226928710937500e+02,1.201620971679687500e+03
1.789000000000000000e+03,6.596505737304687500e+02,9.042791748046875000e+02
1.790000000000000000e+03,6.834562377929687500e+02,9.949728393554687500e+02
1.791000000000000000e+03,6.128648681640625000e+02,9.428879394531250000e+02
1.792000000000000000e+03,6.202626953125000000e+02,8.525242919921875000e+02
1.793000000000000000e+03,6.014425659179687500e+02,1.077020263671875000e+03
1.794000000000000000e+03,6.690000000000000000e+02,8.540047607421875000e+02
1.795000000000000000e+03,5.856961059570312500e+02,1.027573730468750000e+03
1.796000000000000000e+03,6.586426391601562500e+02,9.934871826171875000e+02
1.797000000000000000e+03,6.398549194335937500e+02,9.159716796875000000e+02
1.798000000000000000e+03,5.970002441406250000e+02,8.902892456054687500e+02
1.799000000000000000e+03,6.163250122070312500e+02,8.553372192382812500e+02
1.800000000000000000e+03,6.396437988281250000e+02,8.634181518554687500e+02
1.801000000000000000e+03,6.214755249023437500e+02,1.089069213867187500e+03
1.802000000000000000e+03,6.228518676757812500e+02,1.288712036132812500e+03
1.803000000000000000e+03,5.802247314453125000e+02,8.671990356445312500e+02
1.804000000000000000e+03,5.515344238281250000e+02,1.121248901367187500e+03
1.805000000000000000e+03,6.484520263671875000e+02,9.631918334960937500e+02
1.806000000000000000e+03,6.529429931640625000e+02,8.511064453125000000e+02
1.807000000000000000e+03,6.423336791992187500e+02,9.296962890625000000e+02
1.808000000000000000e+03,6.130787353515625000e+02,1.402948486328125000e+03
1.809000000000000000e+03,6.630422363281250000e+02,1.054607055664062500e+03
1.810000000000000000e+03,6.417255859375000000e+02,1.107787475585937500e+03
1.811000000000000000e+03,6.207357177734375000e+02,1.011708679199218750e+03
1.812000000000000000e+03,6.406306762695312500e+02,8.525485229492187500e+02
1.813000000000000000e+03,6.300604248046875000e+02,8.617181396484375000e+02
1.814000000000000000e+03,6.690784912109375000e+02,1.248907958984375000e+03
1.815000000000000000e+03,5.718338623046875000e+02,9.086210327148437500e+02
1.816000000000000000e+03,5.834458618164062500e+02,1.461792358398437500e+03
1.817000000000000000e+03,5.885015869140625000e+02,1.099938598632812500e+03
1.818000000000000000e+03,6.210817871093750000e+02,1.522046142578125000e+03
1.819000000000000000e+03,5.936841430664062500e+02,1.003860656738281250e+03
1.820000000000000000e+03,5.732047729492187500e+02,8.866749877929687500e+02
1.821000000000000000e+03,6.301738281250000000e+02,8.517479858398437500e+02
1.822000000000000000e+03,6.596820678710937500e+02,1.018493774414062500e+03
1.823000000000000000e+03,6.425343017578125000e+02,8.931167602539062500e+02
1.824000000000000000e+03,6.282384033203125000e+02,8.808748168945312500e+02
1.825000000000000000e+03,6.258271484375000000e+02,1.991512207031250000e+03
1.826000000000000000e+03,6.179739990234375000e+02,1.190187866210937500e+03
1.827000000000000000e+03,6.235829467773437500e+02,1.042532592773437500e+03
1.828000000000000000e+03,6.299462890625000000e+02,8.944329833984375000e+02
1.829000000000000000e+03,6.504865112304687500e+02,1.663395629882812500e+03
1.830000000000000000e+03,6.027913818359375000e+02,1.906536499023437500e+03
1.831000000000000000e+03,6.138107910156250000e+02,1.325319824218750000e+03
1.832000000000000000e+03,5.742310180664062500e+02,8.467617797851562500e+02
1.833000000000000000e+03,5.522850341796875000e+02,8.486970214843750000e+02
1.834000000000000000e+03,6.507655029296875000e+02,1.085835815429687500e+03
1.835000000000000000e+03,5.774465942382812500e+02,1.562020996093750000e+03
1.836000000000000000e+03,6.410772094726562500e+02,8.478684082031250000e+02
1.837000000000000000e+03,6.112188110351562500e+02,8.948038940429687500e+02
1.838000000000000000e+03,5.844834594726562500e+02,8.610382080078125000e+02
1.839000000000000000e+03,6.317787475585937500e+02,9.971680297851562500e+02
1.840000000000000000e+03,5.903241577148437500e+02,8.540703125000000000e+02
1.841000000000000000e+03,6.325997314453125000e+02,9.243375244140625000e+02
1.842000000000000000e+03,5.932737426757812500e+02,8.433215942382812500e+02
1.843000000000000000e+03,5.920889282226562500e+02,1.254915771484375000e+03
1.844000000000000000e+03,6.300546264648437500e+02,9.317327270507812500e+02
1.845000000000000000e+03,6.245163574218750000e+02,1.001912780761718750e+03
1.846000000000000000e+03,6.333434448242187500e+02,1.071121093750000000e+03
1.847000000000000000e+03,7.046002197265625000e+02,8.636940917968750000e+02
1.848000000000000000e+03,6.383782958984375000e+02,9.239621582031250000e+02
1.849000000000000000e+03,6.040340576171875000e+02,1.029214721679687500e+03
1.850000000000000000e+03,6.451876220703125000e+02,9.916416625976562500e+02
1.851000000000000000e+03,5.666286621093750000e+02,1.270253662109375000e+03
1.852000000000000000e+03,6.237622680664062500e+02,8.595255126953125000e+02
1.853000000000000000e+03,6.247805175781250000e+02,1.109246704101562500e+03
1.854000000000000000e+03,5.785878906250000000e+02,1.264007934570312500e+03
1.855000000000000000e+03,5.663504638671875000e+02,9.530645141601562500e+02
1.856000000000000000e+03,5.815963745117187500e+02,9.090351562500000000e+02
1.857000000000000000e+03,5.771638793945312500e+02,1.671477783203125000e+03
1.858000000000000000e+03,6.318852539062500000e+02,8.681129150390625000e+02
1.859000000000000000e+03,6.132763061523437500e+02,9.313792724609375000e+02
1.860000000000000000e+03,6.533399658203125000e+02,1.086110473632812500e+03
1.861000000000000000e+03,6.774038696289062500e+02,1.169261596679687500e+03
1.862000000000000000e+03,6.146327514648437500e+02,8.449498291015625000e+02
1.863000000000000000e+03,6.318685302734375000e+02,9.375247192382812500e+02
1.864000000000000000e+03,6.162134399414062500e+02,8.819523315429687500e+02
1.865000000000000000e+03,6.113536376953125000e+02,8.648963623046875000e+02
1.866000000000000000e+03,6.841237792968750000e+02,8.763237915039062500e+02
1.867000000000000000e+03,6.283101196289062500e+02,8.456185913085937500e+02
1.868000000000000000e+03,6.462373657226562500e+02,1.144765747070312500e+03
1.869000000000000000e+03,5.754474487304687500e+02,1.313297363281250000e+03
1.870000000000000000e+03,6.200800781250000000e+02,1.228080566406250000e+03
1.871000000000000000e+03,5.644342651367187500e+02,9.775512084960937500e+02
1.872000000000000000e+03,5.374257812500000000e+02,8.531350097656250000e+02
1.873000000000000000e+03,5.882874145507812500e+02,1.020760070800781250e+03
1.874000000000000000e+03,6.495545654296875000e+02,8.434491577148437500e+02
1.875000000000000000e+03,6.393403320312500000e+02,1.248717529296875000e+03
1.876000000000000000e+03,6.685643310546875000e+02,8.887758789062500000e+02
1.877000000000000000e+03,6.795700683593750000e+02,9.703911743164062500e+02
1.878000000000000000e+03,6.193946533203125000e+02,1.089841552734375000e+03
1.879000000000000000e+03,6.363006591796875000e+02,1.057449340820312500e+03
1.880000000000000000e+03,6.191934814453125000e+02,1.094647460937500000e+03
1.881000000000000000e+03,6.789027709960937500e+02,1.035738159179687500e+03
1.882000000000000000e+03,6.665943603515625000e+02,8.870441894531250000e+02
1.883000000000000000e+03,6.419761962890625000e+02,1.425601928710937500e+03
1.884000000000000000e+03,6.309805908203125000e+02,1.168606689453125000e+03
1.885000000000000000e+03,5.727034301757812500e+02,9.343482666015625000e+02
1.886000000000000000e+03,5.981425170898437500e+02,1.007128906250000000e+03
1.887000000000000000e+03,6.235625610351562500e+02,8.464364013671875000e+02
1.888000000000000000e+03,5.824773559570312500e+02,8.447347412109375000e+02
1.889000000000000000e+03,5.535265502929687500e+02,9.256273193359375000e+02
1.890000000000000000e+03,5.287834472656250000e+02,1.270916748046875000e+03
1.891000000000000000e+03,6.945349121093750000e+02,1.544079833984375000e+03
1.892000000000000000e+03,6.595610351562500000e+02,9.384732055664062500e+02
1.893000000000000000e+03,6.735766601562500000e+02,8.444143066406250000e+02
1.894000000000000000e+03,6.075141601562500000e+02,9.048382568359375000e+02
1.895000000000000000e+03,6.887664184570312500e+02,1.577706542968750000e+03
1.896000000000000000e+03,6.332361450195312500e+02,8.523304443359375000e+02
1.897000000000000000e+03,6.872974853515625000e+02,8.426809692382812500e+02
1.898000000000000000e+03,6.232035522460937500e+02,8.432086791992187500e+02
1.899000000000000000e+03,6.022084960937500000e+02,2.701791259765625000e+03
1.900000000000000000e+03,6.649049072265625000e+02,8.469148559570312500e+02
1.901000000000000000e+03,6.104069824218750000e+02,1.005147766113281250e+03
1.902000000000000000e+03,6.525252685546875000e+02,1.050697509765625000e+03
1.903000000000000000e+03,6.107185668945312500e+02,8.629001464843750000e+02
1.904000000000000000e+03,6.171600952148437500e+02,1.144409790039062500e+03
1.905000000000000000e+03,6.185856323242187500e+02,8.566075439453125000e+02
1.906000000000000000e+03,5.806276855468750000e+02,8.665884399414062500e+02
1.907000000000000000e+03,6.042835693359375000e+02,9.661535644531250000e+02
1.908000000000000000e+03,6.085242919921875000e+02,1.611351074218750000e+03
1.909000000000000000e+03,6.780415039062500000e+02,1.277206420898437500e+03
1.910000000000000000e+03,7.300740356445312500e+02,8.617006835937500000e+02
1.911000000000000000e+03,6.206582641601562500e+02,8.505310058593750000e+02
1.912000000000000000e+03,6.904987792968750000e+02,8.395435180664062500e+02
1.913000000000000000e+03,6.589654541015625000e+02,8.375723266601562500e+02
1.914000000000000000e+03,6.404729614257812500e+02,1.496263671875000000e+03
1.915000000000000000e+03,6.378369140625000000e+02,8.671270141601562500e+02
1.916000000000000000e+03,6.273731689453125000e+02,1.057932006835937500e+03
1.917000000000000000e+03,6.288645629882812500e+02,9.298872680664062500e+02
1.918000000000000000e+03,7.074313354492187500e+02,8.978406982421875000e+02
1.919000000000000000e+03,5.998891601562500000e+02,8.731250000000000000e+02
1.920000000000000000e+03,5.990068359375000000e+02,1.087823486328125000e+03
1.921000000000000000e+03,6.104545898437500000e+02,1.112660522460937500e+03
1.922000000000000000e+03,6.345999145507812500e+02,8.773081665039062500e+02
1.923000000000000000e+03,6.001132812500000000e+02,1.094673217773437500e+03
1.924000000000000000e+03,6.807907714843750000e+02,8.432510375976562500e+02
1.925000000000000000e+03,6.160174560546875000e+02,1.096656250000000000e+03
1.926000000000000000e+03,6.160446166992187500e+02,8.409204101562500000e+02
1.927000000000000000e+03,6.543200073242187500e+02,9.104552001953125000e+02
1.928000000000000000e+03,6.083848876953125000e+02,1.548422241210937500e+03
1.929000000000000000e+03,6.241468505859375000e+02,9.263190917968750000e+02
1.930000000000000000e+03,6.015344848632812500e+02,8.474469604492187500e+02
1.931000000000000000e+03,6.270186157226562500e+02,8.731587524414062500e+02
1.932000000000000000e+03,5.852774658203125000e+02,1.403838134765625000e+03
1.933000000000000000e+03,6.570346069335937500e+02,1.364937011718750000e+03
1.934000000000000000e+03,6.011978149414062500e+02,9.950828247070312500e+02
1.935000000000000000e+03,5.718366699218750000e+02,8.946572265625000000e+02
1.936000000000000000e+03,5.994125976562500000e+02,8.579114379882812500e+02
1.937000000000000000e+03,5.965362548828125000e+02,8.679755249023437500e+02
1.938000000000000000e+03,5.839777832031250000e+02,1.083987915039062500e+03
1.939000000000000000e+03,5.875774536132812500e+02,1.724940307617187500e+03
1.940000000000000000e+03,6.105908203125000000e+02,1.101074584960937500e+03
1.941000000000000000e+03,6.256266479492187500e+02,1.064029174804687500e+03
1.942000000000000000e+03,6.239008178710937500e+02,1.117846191406250000e+03
1.943000000000000000e+03,6.698477783203125000e+02,8.506307373046875000e+02
1.944000000000000000e+03,6.703234252929687500e+02,8.463355712890625000e+02
1.945000000000000000e+03,5.685192260742187500e+02,1.046414306640625000e+03
1.946000000000000000e+03,5.578497314453125000e+02,1.130080932617187500e+03
1.947000000000000000e+03,6.377699584960937500e+02,1.157024169921875000e+03
1.948000000000000000e+03,6.492850341796875000e+02,8.467789306640625000e+02
1.949000000000000000e+03,6.124330444335937500e+02,8.527284545898437500e+02
1.950000000000000000e+03,5.759922485351562500e+02,1.066285034179687500e+03
1.951000000000000000e+03,6.481354370117187500e+02,1.034922363281250000e+03
1.952000000000000000e+03,5.625362548828125000e+02,9.686926269531250000e+02
1.953000000000000000e+03,6.169408569335937500e+02,4.076653808593750000e+03
1.954000000000000000e+03,6.215044555664062500e+02,9.014967651367187500e+02
1.955000000000000000e+03,6.627132568359375000e+02,1.107739013671875000e+03
1.956000000000000000e+03,6.574812622070312500e+02,9.626718750000000000e+02
1.957000000000000000e+03,6.539307861328125000e+02,8.432434692382812500e+02
1.958000000000000000e+03,6.036610107421875000e+02,1.063810302734375000e+03
1.959000000000000000e+03,6.893405761718750000e+02,9.410108642578125000e+02
1.960000000000000000e+03,6.195692138671875000e+02,8.369278564453125000e+02
1.961000000000000000e+03,5.659990844726562500e+02,8.425053100585937500e+02
1.962000000000000000e+03,6.520373535156250000e+02,1.085670532226562500e+03
1.963000000000000000e+03,5.425795898437500000e+02,1.130198486328125000e+03
1.964000000000000000e+03,6.092861328125000000e+02,8.865133666992187500e+02
1.965000000000000000e+03,6.527310791015625000e+02,8.492689208984375000e+02
1.966000000000000000e+03,6.191188354492187500e+02,8.444846191406250000e+02
1.967000000000000000e+03,6.329165039062500000e+02,8.458607788085937500e+02
1.968000000000000000e+03,6.422510986328125000e+02,1.675788208007812500e+03
1.969000000000000000e+03,5.863748779296875000e+02,9.130241088867187500e+02
1.970000000000000000e+03,6.165805053710937500e+02,8.539039306640625000e+02
1.971000000000000000e+03,6.421089477539062500e+02,8.720481567382812500e+02
1.972000000000000000e+03,6.292191772460937500e+02,9.678958129882812500e+02
1.973000000000000000e+03,6.298988037109375000e+02,1.071233276367187500e+03
1.974000000000000000e+03,6.344594726562500000e+02,1.122233642578125000e+03
1.975000000000000000e+03,5.765787963867187500e+02,9.641673583984375000e+02
1.976000000000000000e+03,5.915305175781250000e+02,9.536303710937500000e+02
1.977000000000000000e+03,5.995926513671875000e+02,8.471203002929687500e+02
1.978000000000000000e+03,5.889589843750000000e+02,8.589019775390625000e+02
1.979000000000000000e+03,5.608594970703125000e+02,8.808925170898437500e+02
1.980000000000000000e+03,5.734631347656250000e+02,8.463005981445312500e+02
1.981000000000000000e+03,5.808707275390625000e+02,1.425025512695312500e+03
1.982000000000000000e+03,6.150083618164062500e+02,1.078073364257812500e+03
1.983000000000000000e+03,6.399688720703125000e+02,9.264624023437500000e+02
1.984000000000000000e+03,5.885839843750000000e+02,9.287393798828125000e+02
1.985000000000000000e+03,5.944294433593750000e+02,8.508624877929687500e+02
1.986000000000000000e+03,6.255441894531250000e+02,9.834259643554687500e+02
1.987000000000000000e+03,7.020721435546875000e+02,1.542764038085937500e+03
1.988000000000000000e+03,6.294475708007812500e+02,1.020579528808593750e+03
1.989000000000000000e+03,6.740090942382812500e+02,1.062034667968750000e+03
1.990000000000000000e+03,6.481283569335937500e+02,8.983073120117187500e+02
1.991000000000000000e+03,6.476224975585937500e+02,1.085775878906250000e+03
1.992000000000000000e+03,6.996613159179687500e+02,8.423036499023437500e+02
1.993000000000000000e+03,5.447284545898437500e+02,8.875836791992187500e+02
1.994000000000000000e+03,6.434153442382812500e+02,1.300890380859375000e+03
1.995000000000000000e+03,7.155345458984375000e+02,1.173047973632812500e+03
1.996000000000000000e+03,6.060317382812500000e+02,8.833436889648437500e+02
1.997000000000000000e+03,6.713937377929687500e+02,1.234945190429687500e+03
1.998000000000000000e+03,6.823431396484375000e+02,9.642598876953125000e+02
1.999000000000000000e+03,5.931416015625000000e+02,1.126022827148437500e+03
2.000000000000000000e+03,6.015925292968750000e+02,9.719636230468750000e+02
2.001000000000000000e+03,5.954844360351562500e+02,1.394756591796875000e+03
2.002000000000000000e+03,6.024759521484375000e+02,8.450537109375000000e+02
2.003000000000000000e+03,5.739912719726562500e+02,1.297931884765625000e+03
2.004000000000000000e+03,5.891680908203125000e+02,1.578614257812500000e+03
2.005000000000000000e+03,5.857367553710937500e+02,8.947670898437500000e+02
2.006000000000000000e+03,5.914542846679687500e+02,1.028840698242187500e+03
2.007000000000000000e+03,5.708419189453125000e+02,8.428713378906250000e+02
2.008000000000000000e+03,5.573790893554687500e+02,8.906609497070312500e+02
2.009000000000000000e+03,6.392133178710937500e+02,9.092278442382812500e+02
2.010000000000000000e+03,6.446359252929687500e+02,1.668815429687500000e+03
2.011000000000000000e+03,6.439776000976562500e+02,8.582269287109375000e+02
2.012000000000000000e+03,5.946714477539062500e+02,8.843211059570312500e+02
2.013000000000000000e+03,6.228085327148437500e+02,8.969607543945312500e+02
2.014000000000000000e+03,5.572553100585937500e+02,1.020185424804687500e+03
2.015000000000000000e+03,6.330974731445312500e+02,9.502523193359375000e+02
2.016000000000000000e+03,6.600434570312500000e+02,9.017247314453125000e+02
2.017000000000000000e+03,6.177484130859375000e+02,8.556036376953125000e+02
2.018000000000000000e+03,5.747208862304687500e+02,8.551879272460937500e+02
2.019000000000000000e+03,6.141069946289062500e+02,1.760623046875000000e+03
2.020000000000000000e+03,6.739677124023437500e+02,1.613363525390625000e+03
2.021000000000000000e+03,6.904623413085937500e+02,1.554557983398437500e+03
2.022000000000000000e+03,6.340393066406250000e+02,8.657711181640625000e+02
2.023000000000000000e+03,5.976247558593750000e+02,8.363793334960937500e+02
2.024000000000000000e+03,6.205265502929687500e+02,1.056338378906250000e+03
2.025000000000000000e+03,6.874795532226562500e+02,8.904373168945312500e+02
2.026000000000000000e+03,6.036768188476562500e+02,9.630718994140625000e+02
2.027000000000000000e+03,5.792081298828125000e+02,1.073066894531250000e+03
2.028000000000000000e+03,6.673833618164062500e+02,1.787103759765625000e+03
2.029000000000000000e+03,5.617077636718750000e+02,8.542786254882812500e+02
2.030000000000000000e+03,5.653720092773437500e+02,8.493256225585937500e+02
2.031000000000000000e+03,6.236950683593750000e+02,9.188925170898437500e+02
2.032000000000000000e+03,6.745257568359375000e+02,8.521231689453125000e+02
2.033000000000000000e+03,5.755204467773437500e+02,8.987026977539062500e+02
2.034000000000000000e+03,6.351929931640625000e+02,9.229819335937500000e+02
2.035000000000000000e+03,6.259459228515625000e+02,8.972103271484375000e+02
2.036000000000000000e+03,5.816220092773437500e+02,8.431849975585937500e+02
2.037000000000000000e+03,6.435176391601562500e+02,1.089724975585937500e+03
2.038000000000000000e+03,5.689254760742187500e+02,9.417343139648437500e+02
2.039000000000000000e+03,5.904175415039062500e+02,8.369542236328125000e+02
2.040000000000000000e+03,6.502030029296875000e+02,1.009943054199218750e+03
2.041000000000000000e+03,6.208658447265625000e+02,9.079215087890625000e+02
2.042000000000000000e+03,5.605393676757812500e+02,8.658570556640625000e+02
2.043000000000000000e+03,6.048900146484375000e+02,1.345438720703125000e+03
2.044000000000000000e+03,5.854387207031250000e+02,8.862366333007812500e+02
2.045000000000000000e+03,5.823650512695312500e+02,8.431669311523437500e+02
2.046000000000000000e+03,5.637598266601562500e+02,8.521097412109375000e+02
2.047000000000000000e+03,6.584099121093750000e+02,1.894249511718750000e+03
2.048000000000000000e+03,6.093875732421875000e+02,8.536883544921875000e+02
2.049000000000000000e+03,6.508273315429687500e+02,8.454967651367187500e+02
2.050000000000000000e+03,5.956971435546875000e+02,1.651671020507812500e+03
2.051000000000000000e+03,6.650145263671875000e+02,8.585020751953125000e+02
2.052000000000000000e+03,6.239309692382812500e+02,9.186679687500000000e+02
2.053000000000000000e+03,6.643712768554687500e+02,8.352006225585937500e+02
2.054000000000000000e+03,5.389721069335937500e+02,8.341201171875000000e+02
2.055000000000000000e+03,5.624151611328125000e+02,1.524175537109375000e+03
2.056000000000000000e+03,6.419781494140625000e+02,9.555751953125000000e+02
2.057000000000000000e+03,6.548558959960937500e+02,8.858513793945312500e+02
2.058000000000000000e+03,6.534072265625000000e+02,1.446944824218750000e+03
2.059000000000000000e+03,5.548386230468750000e+02,8.664748535156250000e+02
2.060000000000000000e+03,5.849919433593750000e+02,9.173447265625000000e+02
2.061000000000000000e+03,6.419575805664062500e+02,8.570551147460937500e+02
2.062000000000000000e+03,6.084727783203125000e+02,1.073049682617187500e+03
2.063000000000000000e+03,5.938687133789062500e+02,2.782953613281250000e+03
2.064000000000000000e+03,6.715968627929687500e+02,8.593348999023437500e+02
2.065000000000000000e+03,6.003617553710937500e+02,9.324013671875000000e+02
2.066000000000000000e+03,6.014326782226562500e+02,1.040689697265625000e+03
2.067000000000000000e+03,5.818120727539062500e+02,1.200869506835937500e+03
2.068000000000000000e+03,6.751513671875000000e+02,8.339407958984375000e+02
2.069000000000000000e+03,6.854609375000000000e+02,9.112964477539062500e+02
2.070000000000000000e+03,6.159066772460937500e+02,9.027125244140625000e+02
2.071000000000000000e+03,6.815228881835937500e+02,8.383530273437500000e+02
2.072000000000000000e+03,6.011067504882812500e+02,8.356433105468750000e+02
2.073000000000000000e+03,5.942175292968750000e+02,1.182056884765625000e+03
2.074000000000000000e+03,6.191748657226562500e+02,8.633659057617187500e+02
2.075000000000000000e+03,5.925423583984375000e+02,9.391868286132812500e+02
2.076000000000000000e+03,6.640224609375000000e+02,8.613551025390625000e+02
2.077000000000000000e+03,5.437844848632812500e+02,8.373947753906250000e+02
2.078000000000000000e+03,6.263535766601562500e+02,8.641946411132812500e+02
2.079000000000000000e+03,6.046853637695312500e+02,9.032343750000000000e+02
2.080000000000000000e+03,5.474050903320312500e+02,1.092241333007812500e+03
2.081000000000000000e+03,6.004645996093750000e+02,1.129381958007812500e+03
2.082000000000000000e+03,6.138900146484375000e+02,1.423167846679687500e+03
2.083000000000000000e+03,6.186110229492187500e+02,8.451272583007812500e+02
2.084000000000000000e+03,6.392144165039062500e+02,1.035916625976562500e+03
2.085000000000000000e+03,6.136831665039062500e+02,8.894492187500000000e+02
2.086000000000000000e+03,6.153396606445312500e+02,8.515626831054687500e+02
2.087000000000000000e+03,6.383145751953125000e+02,9.236437377929687500e+02
2.088000000000000000e+03,6.041327514648437500e+02,1.125979370117187500e+03
2.089000000000000000e+03,6.405377197265625000e+02,1.451256713867187500e+03
2.090000000000000000e+03,6.072622070312500000e+02,8.655149536132812500e+02
2.091000000000000000e+03,6.387006835937500000e+02,8.389794311523437500e+02
2.092000000000000000e+03,6.417100219726562500e+02,1.014448608398437500e+03
2.093000000000000000e+03,5.987614135742187500e+02,8.452489013671875000e+02
2.094000000000000000e+03,5.525983276367187500e+02,8.901348266601562500e+02
2.095000000000000000e+03,6.748970947265625000e+02,9.473923339843750000e+02
2.096000000000000000e+03,5.870717773437500000e+02,1.076727905273437500e+03
2.097000000000000000e+03,5.729090576171875000e+02,8.928327026367187500e+02
2.098000000000000000e+03,5.770312500000000000e+02,2.278891601562500000e+03
2.099000000000000000e+03,6.125044555664062500e+02,8.453301391601562500e+02
2.100000000000000000e+03,6.076181030273437500e+02,8.361824951171875000e+02
2.101000000000000000e+03,6.095076904296875000e+02,8.795731811523437500e+02
2.102000000000000000e+03,5.908864746093750000e+02,8.486307373046875000e+02
2.103000000000000000e+03,5.886276245117187500e+02,8.692166748046875000e+02
2.104000000000000000e+03,6.059153442382812500e+02,1.224695922851562500e+03
2.105000000000000000e+03,6.456475219726562500e+02,2.664745361328125000e+03
2.106000000000000000e+03,6.057525634765625000e+02,9.960828247070312500e+02
2.107000000000000000e+03,6.847925415039062500e+02,1.056235473632812500e+03
2.108000000000000000e+03,7.297337646484375000e+02,1.106292724609375000e+03
2.109000000000000000e+03,6.375673828125000000e+02,8.314965209960937500e+02
2.110000000000000000e+03,6.719994506835937500e+02,8.454703369140625000e+02
2.111000000000000000e+03,6.292934570312500000e+02,8.296688232421875000e+02
2.112000000000000000e+03,6.703097534179687500e+02,1.682684936523437500e+03
2.113000000000000000e+03,6.290259399414062500e+02,8.589422607421875000e+02
2.114000000000000000e+03,5.580698852539062500e+02,8.955987548828125000e+02
2.115000000000000000e+03,6.302055664062500000e+02,1.194356567382812500e+03
2.116000000000000000e+03,5.905924682617187500e+02,8.337209472656250000e+02
2.117000000000000000e+03,6.480032958984375000e+02,1.915182128906250000e+03
2.118000000000000000e+03,5.626713867187500000e+02,1.033060058593750000e+03
2.119000000000000000e+03,5.967011718750000000e+02,8.403129272460937500e+02
2.120000000000000000e+03,5.758532714843750000e+02,1.053316894531250000e+03
2.121000000000000000e+03,5.818826904296875000e+02,9.133076171875000000e+02
2.122000000000000000e+03,5.466113281250000000e+02,8.321821289062500000e+02
2.123000000000000000e+03,6.173123779296875000e+02,1.763659057617187500e+03
2.124000000000000000e+03,6.417418212890625000e+02,1.380079345703125000e+03
2.125000000000000000e+03,6.525596923828125000e+02,9.183811645507812500e+02
2.126000000000000000e+03,6.992222290039062500e+02,8.748470458984375000e+02
2.127000000000000000e+03,5.864210205078125000e+02,8.616889648437500000e+02
2.128000000000000000e+03,5.645518188476562500e+02,1.119490234375000000e+03
2.129000000000000000e+03,6.430048217773437500e+02,1.140351440429687500e+03
2.130000000000000000e+03,5.818455200195312500e+02,9.279541625976562500e+02
2.131000000000000000e+03,5.965068359375000000e+02,1.439750488281250000e+03
2.132000000000000000e+03,6.072816162109375000e+02,8.418063354492187500e+02
2.133000000000000000e+03,5.929169311523437500e+02,8.809397583007812500e+02
2.134000000000000000e+03,6.291189575195312500e+02,1.049854370117187500e+03
2.135000000000000000e+03,6.159812011718750000e+02,9.775553588867187500e+02
2.136000000000000000e+03,6.193347167968750000e+02,1.220243896484375000e+03
2.137000000000000000e+03,6.918641357421875000e+02,8.282556152343750000e+02
2.138000000000000000e+03,5.815929565429687500e+02,8.273082275390625000e+02
2.139000000000000000e+03,6.254819946289062500e+02,1.218612304687500000e+03
2.140000000000000000e+03,6.374144897460937500e+02,8.341110839843750000e+02
2.141000000000000000e+03,5.904432983398437500e+02,8.314827880859375000e+02
2.142000000000000000e+03,6.238059692382812500e+02,8.873901977539062500e+02
2.143000000000000000e+03,6.484121093750000000e+02,9.106496582031250000e+02
2.144000000000000000e+03,5.701063232421875000e+02,1.489008911132812500e+03
2.145000000000000000e+03,5.531011962890625000e+02,8.411229858398437500e+02
2.146000000000000000e+03,6.191165771484375000e+02,8.508929443359375000e+02
2.147000000000000000e+03,5.885506591796875000e+02,8.324603271484375000e+02
2.148000000000000000e+03,6.096483764648437500e+02,8.543748168945312500e+02
2.149000000000000000e+03,6.394769897460937500e+02,8.645758666992187500e+02
2.150000000000000000e+03,6.004952392578125000e+02,1.003364562988281250e+03
2.151000000000000000e+03,6.183970336914062500e+02,8.351244506835937500e+02
2.152000000000000000e+03,6.458753051757812500e+02,1.282630493164062500e+03
2.153000000000000000e+03,6.193478393554687500e+02,8.332037963867187500e+02
2.154000000000000000e+03,5.993919067382812500e+02,9.078277587890625000e+02
2.155000000000000000e+03,6.315277709960937500e+02,1.716011474609375000e+03
2.156000000000000000e+03,6.558944091796875000e+02,9.846754150390625000e+02
2.157000000000000000e+03,6.667232055664062500e+02,9.635573730468750000e+02
2.158000000000000000e+03,6.092327880859375000e+02,8.693114624023437500e+02
2.159000000000000000e+03,6.711800537109375000e+02,8.958005981445312500e+02
2.160000000000000000e+03,5.879659423828125000e+02,9.429522705078125000e+02
2.161000000000000000e+03,6.187885131835937500e+02,8.268365478515625000e+02
2.162000000000000000e+03,6.702696533203125000e+02,1.293685180664062500e+03
2.163000000000000000e+03,6.555667114257812500e+02,8.267312622070312500e+02
2.164000000000000000e+03,6.164320068359375000e+02,1.168880004882812500e+03
2.165000000000000000e+03,6.162748413085937500e+02,8.301004638671875000e+02
2.166000000000000000e+03,5.572766113281250000e+02,8.796307983398437500e+02
2.167000000000000000e+03,6.333095092773437500e+02,1.021607055664062500e+03
2.168000000000000000e+03,5.850921020507812500e+02,8.816107788085937500e+02
2.169000000000000000e+03,6.530458374023437500e+02,1.454648559570312500e+03
2.170000000000000000e+03,5.919572753906250000e+02,9.897197265625000000e+02
2.171000000000000000e+03,6.494024658203125000e+02,8.508809204101562500e+02
2.172000000000000000e+03,6.084909667968750000e+02,9.940861206054687500e+02
2.173000000000000000e+03,5.768182373046875000e+02,9.239998168945312500e+02
2.174000000000000000e+03,6.007432250976562500e+02,8.301953735351562500e+02
2.175000000000000000e+03,6.191300048828125000e+02,8.343817749023437500e+02
2.176000000000000000e+03,5.872150878906250000e+02,1.085585815429687500e+03
2.177000000000000000e+03,6.376658325195312500e+02,8.457245483398437500e+02
2.178000000000000000e+03,5.997232055664062500e+02,1.286043457031250000e+03
2.179000000000000000e+03,5.863142089843750000e+02,8.680259399414062500e+02
2.180000000000000000e+03,6.026333618164062500e+02,8.463884277343750000e+02
2.181000000000000000e+03,6.709523925781250000e+02,1.162281494140625000e+03
2.182000000000000000e+03,6.552224121093750000e+02,9.603605957031250000e+02
2.183000000000000000e+03,6.206878051757812500e+02,1.535699829101562500e+03
2.184000000000000000e+03,5.986828002929687500e+02,1.753175659179687500e+03
2.185000000000000000e+03,5.619725341796875000e+02,9.685938110351562500e+02
2.186000000000000000e+03,6.138123168945312500e+02,8.760394287109375000e+02
2.187000000000000000e+03,6.143857421875000000e+02,8.329911499023437500e+02
2.188000000000000000e+03,5.949150390625000000e+02,9.848900146484375000e+02
2.189000000000000000e+03,6.031553344726562500e+02,1.233377441406250000e+03
2.190000000000000000e+03,6.402261962890625000e+02,9.382832641601562500e+02
2.191000000000000000e+03,5.584744873046875000e+02,8.803947143554687500e+02
2.192000000000000000e+03,6.143573608398437500e+02,8.672578735351562500e+02
2.193000000000000000e+03,6.162451782226562500e+02,8.413649902343750000e+02
2.194000000000000000e+03,6.048707885742187500e+02,8.668286743164062500e+02
2.195000000000000000e+03,6.217388305664062500e+02,1.073387695312500000e+03
2.196000000000000000e+03,6.036323852539062500e+02,8.292041625976562500e+02
2.197000000000000000e+03,6.369137573242187500e+02,8.316525878906250000e+02
2.198000000000000000e+03,6.379904174804687500e+02,8.580555419921875000e+02
2.199000000000000000e+03,5.968867187500000000e+02,8.343395996093750000e+02
2.200000000000000000e+03,6.243206176757812500e+02,1.230134521484375000e+03
2.201000000000000000e+03,5.580861816406250000e+02,8.643375854492187500e+02
2.202000000000000000e+03,6.283627929687500000e+02,8.332316894531250000e+02
2.203000000000000000e+03,5.720738525390625000e+02,1.127943359375000000e+03
2.204000000000000000e+03,5.742662963867187500e+02,1.445792114257812500e+03
2.205000000000000000e+03,5.781145019531250000e+02,8.515283813476562500e+02
2.206000000000000000e+03,5.562908935546875000e+02,8.346112060546875000e+02
2.207000000000000000e+03,7.218219604492187500e+02,8.501033935546875000e+02
2.208000000000000000e+03,6.441031494140625000e+02,1.111887207031250000e+03
2.209000000000000000e+03,5.742274169921875000e+02,9.788900146484375000e+02
2.210000000000000000e+03,6.535853881835937500e+02,9.793521728515625000e+02
2.211000000000000000e+03,5.806207885742187500e+02,9.026852416992187500e+02
2.212000000000000000e+03,6.228253173828125000e+02,1.055883300781250000e+03
2.213000000000000000e+03,5.806773071289062500e+02,9.139144287109375000e+02
2.214000000000000000e+03,5.665967407226562500e+02,9.359224853515625000e+02
2.215000000000000000e+03,6.327743530273437500e+02,1.231224609375000000e+03
2.216000000000000000e+03,6.129163818359375000e+02,1.193686767578125000e+03
2.217000000000000000e+03,5.901842041015625000e+02,8.404793701171875000e+02
2.218000000000000000e+03,6.065960693359375000e+02,8.375047607421875000e+02
2.219000000000000000e+03,5.609496459960937500e+02,8.349317016601562500e+02
2.220000000000000000e+03,5.993462524414062500e+02,9.481235351562500000e+02
2.221000000000000000e+03,6.196484985351562500e+02,8.379296875000000000e+02
2.222000000000000000e+03,5.972314453125000000e+02,8.995608520507812500e+02
2.223000000000000000e+03,5.729836425781250000e+02,1.624951416015625000e+03
2.224000000000000000e+03,6.232855834960937500e+02,9.169628295898437500e+02
2.225000000000000000e+03,6.220649414062500000e+02,8.355251464843750000e+02
2.226000000000000000e+03,6.577757568359375000e+02,1.091751953125000000e+03
2.227000000000000000e+03,6.371575317382812500e+02,8.565306396484375000e+02
2.228000000000000000e+03,6.447899780273437500e+02,8.401708984375000000e+02
2.229000000000000000e+03,6.362048339843750000e+02,8.523597412109375000e+02
2.230000000000000000e+03,6.280627441406250000e+02,8.580832519531250000e+02
2.231000000000000000e+03,5.816542358398437500e+02,1.188114990234375000e+03
2.232000000000000000e+03,5.669610595703125000e+02,8.917429809570312500e+02
2.233000000000000000e+03,5.854122314453125000e+02,8.534878540039062500e+02
2.234000000000000000e+03,6.594588012695312500e+02,8.932166748046875000e+02
2.235000000000000000e+03,6.146146850585937500e+02,8.306258544921875000e+02
2.236000000000000000e+03,5.799533691406250000e+02,8.712092895507812500e+02
2.237000000000000000e+03,5.828117065429687500e+02,1.073312988281250000e+03
2.238000000000000000e+03,5.681000976562500000e+02,8.794489746093750000e+02
2.239000000000000000e+03,5.998302001953125000e+02,8.954204711914062500e+02
2.240000000000000000e+03,6.384516601562500000e+02,9.719208984375000000e+02
2.241000000000000000e+03,5.800283813476562500e+02,8.300552978515625000e+02
2.242000000000000000e+03,6.537721557617187500e+02,8.619580078125000000e+02
2.243000000000000000e+03,6.379797363281250000e+02,8.331856689453125000e+02
2.244000000000000000e+03,6.167778930664062500e+02,1.073126708984375000e+03
2.245000000000000000e+03,5.386575317382812500e+02,1.027271240234375000e+03
2.246000000000000000e+03,6.082637329101562500e+02,8.337675170898437500e+02
2.247000000000000000e+03,6.000086059570312500e+02,1.178140625000000000e+03
2.248000000000000000e+03,5.480833129882812500e+02,8.923311767578125000e+02
2.249000000000000000e+03,5.820860595703125000e+02,1.023597106933593750e+03
2.250000000000000000e+03,5.704510498046875000e+02,8.271272583007812500e+02
2.251000000000000000e+03,6.382096557617187500e+02,8.285106201171875000e+02
2.252000000000000000e+03,5.887020263671875000e+02,9.875903930664062500e+02
2.253000000000000000e+03,6.308923950195312500e+02,9.413914184570312500e+02
2.254000000000000000e+03,5.935288085937500000e+02,1.359573120117187500e+03
2.255000000000000000e+03,5.830469970703125000e+02,1.633780029296875000e+03
2.256000000000000000e+03,6.624503784179687500e+02,8.691948852539062500e+02
2.257000000000000000e+03,5.615687866210937500e+02,9.692808227539062500e+02
2.258000000000000000e+03,6.274939575195312500e+02,1.372843872070312500e+03
2.259000000000000000e+03,6.213585205078125000e+02,8.572052001953125000e+02
2.260000000000000000e+03,6.017301025390625000e+02,1.085337646484375000e+03
2.261000000000000000e+03,6.334660644531250000e+02,9.785482788085937500e+02
2.262000000000000000e+03,5.818571777343750000e+02,8.896126708984375000e+02
2.263000000000000000e+03,6.453232421875000000e+02,8.375873413085937500e+02
2.264000000000000000e+03,6.444123535156250000e+02,8.294596557617187500e+02
2.265000000000000000e+03,5.384557495117187500e+02,8.910778808593750000e+02
2.266000000000000000e+03,6.058541870117187500e+02,1.439031738281250000e+03
2.267000000000000000e+03,5.440162353515625000e+02,8.619869995117187500e+02
2.268000000000000000e+03,6.648159790039062500e+02,8.288123168945312500e+02
2.269000000000000000e+03,5.510962524414062500e+02,8.716500244140625000e+02
2.270000000000000000e+03,5.696912231445312500e+02,1.586558105468750000e+03
2.271000000000000000e+03,5.845359497070312500e+02,8.918348999023437500e+02
2.272000000000000000e+03,6.201654663085937500e+02,8.247315063476562500e+02
2.273000000000000000e+03,6.365482788085937500e+02,8.263612060546875000e+02
2.274000000000000000e+03,6.267612915039062500e+02,1.007916992187500000e+03
2.275000000000000000e+03,6.825907592773437500e+02,2.396909179687500000e+03
2.276000000000000000e+03,6.460248413085937500e+02,1.038328857421875000e+03
2.277000000000000000e+03,6.449509887695312500e+02,8.303045043945312500e+02
2.278000000000000000e+03,6.379813842773437500e+02,1.771345703125000000e+03
2.279000000000000000e+03,6.261231689453125000e+02,8.281504516601562500e+02
2.280000000000000000e+03,6.160218505859375000e+02,1.172457641601562500e+03
2.281000000000000000e+03,5.583494262695312500e+02,1.251410400390625000e+03
2.282000000000000000e+03,6.196637573242187500e+02,8.300540771484375000e+02
2.283000000000000000e+03,5.980882568359375000e+02,2.194629394531250000e+03
2.284000000000000000e+03,6.525919189453125000e+02,9.307574462890625000e+02
2.285000000000000000e+03,6.041517944335937500e+02,9.140073852539062500e+02
2.286000000000000000e+03,6.232366333007812500e+02,1.753820312500000000e+03
2.287000000000000000e+03,6.282531127929687500e+02,9.587290039062500000e+02
2.288000000000000000e+03,5.857860717773437500e+02,8.639039306640625000e+02
2.289000000000000000e+03,5.679666748046875000e+02,9.045427246093750000e+02
2.290000000000000000e+03,5.769104614257812500e+02,9.564712524414062500e+02
2.291000000000000000e+03,5.610540771484375000e+02,9.217059326171875000e+02
2.292000000000000000e+03,6.439248046875000000e+02,1.158978271484375000e+03
2.293000000000000000e+03,6.137916870117187500e+02,1.115541381835937500e+03
2.294000000000000000e+03,5.771009521484375000e+02,8.540594482421875000e+02
2.295000000000000000e+03,5.809343872070312500e+02,1.374304687500000000e+03
2.296000000000000000e+03,5.731987915039062500e+02,9.749349975585937500e+02
2.297000000000000000e+03,6.079788208007812500e+02,8.967366333007812500e+02
2.298000000000000000e+03,6.201423950195312500e+02,8.272695312500000000e+02
2.299000000000000000e+03,5.660696411132812500e+02,8.273739624023437500e+02
2.300000000000000000e+03,5.667546386718750000e+02,8.962797851562500000e+02
2.301000000000000000e+03,5.709394531250000000e+02,1.303970458984375000e+03
2.302000000000000000e+03,6.250982055664062500e+02,8.255047607421875000e+02
2.303000000000000000e+03,6.532288818359375000e+02,8.905374755859375000e+02
2.304000000000000000e+03,6.450047607421875000e+02,1.020945129394531250e+03
2.305000000000000000e+03,6.950537109375000000e+02,9.528426513671875000e+02
2.306000000000000000e+03,6.189508056640625000e+02,8.317366943359375000e+02
2.307000000000000000e+03,6.251115112304687500e+02,9.983406982421875000e+02
2.308000000000000000e+03,5.766035766601562500e+02,8.243022460937500000e+02
2.309000000000000000e+03,5.660079956054687500e+02,8.452162475585937500e+02
2.310000000000000000e+03,6.315604248046875000e+02,9.973248291015625000e+02
2.311000000000000000e+03,5.913724975585937500e+02,9.128899536132812500e+02
2.312000000000000000e+03,6.411947021484375000e+02,8.451798706054687500e+02
2.313000000000000000e+03,6.291367797851562500e+02,1.111734497070312500e+03
2.314000000000000000e+03,6.426385498046875000e+02,2.316536621093750000e+03
2.315000000000000000e+03,5.903201293945312500e+02,8.496777954101562500e+02
2.316000000000000000e+03,5.567412719726562500e+02,8.253618774414062500e+02
2.317000000000000000e+03,6.031447143554687500e+02,8.298922119140625000e+02
2.318000000000000000e+03,5.924308471679687500e+02,1.168223999023437500e+03
2.319000000000000000e+03,5.939523925781250000e+02,8.412064208984375000e+02
2.320000000000000000e+03,5.708665161132812500e+02,8.922650146484375000e+02
2.321000000000000000e+03,6.210704956054687500e+02,8.292119140625000000e+02
2.322000000000000000e+03,6.297411499023437500e+02,1.590292358398437500e+03
2.323000000000000000e+03,5.971882324218750000e+02,8.291571044921875000e+02
2.324000000000000000e+03,6.633358154296875000e+02,8.219436035156250000e+02
2.325000000000000000e+03,6.284514770507812500e+02,1.072498291015625000e+03
2.326000000000000000e+03,6.325044555664062500e+02,1.231476318359375000e+03
2.327000000000000000e+03,6.380776977539062500e+02,9.150914916992187500e+02
2.328000000000000000e+03,6.383049926757812500e+02,1.335731079101562500e+03
2.329000000000000000e+03,5.635623168945312500e+02,9.143721923828125000e+02
2.330000000000000000e+03,5.968053588867187500e+02,8.936831665039062500e+02
2.331000000000000000e+03,5.970350952148437500e+02,8.932617797851562500e+02
2.332000000000000000e+03,5.524196166992187500e+02,9.571524047851562500e+02
2.333000000000000000e+03,5.987069702148437500e+02,9.080928955078125000e+02
2.334000000000000000e+03,6.168225097656250000e+02,8.424622192382812500e+02
2.335000000000000000e+03,5.807903442382812500e+02,9.581613769531250000e+02
2.336000000000000000e+03,5.519384155273437500e+02,8.275999755859375000e+02
2.337000000000000000e+03,5.680451049804687500e+02,1.053829589843750000e+03
2.338000000000000000e+03,5.983370971679687500e+02,8.324482421875000000e+02
2.339000000000000000e+03,6.363674316406250000e+02,8.976188354492187500e+02
2.340000000000000000e+03,6.327247314453125000e+02,9.896875000000000000e+02
2.341000000000000000e+03,5.942402954101562500e+02,1.293578613281250000e+03
2.342000000000000000e+03,6.155502319335937500e+02,8.656878662109375000e+02
2.343000000000000000e+03,6.272731933593750000e+02,8.680314941406250000e+02
2.344000000000000000e+03,6.343767089843750000e+02,8.486616210937500000e+02
2.345000000000000000e+03,6.073952026367187500e+02,8.351898193359375000e+02
2.346000000000000000e+03,6.224932250976562500e+02,8.843678588867187500e+02
2.347000000000000000e+03,5.887230834960937500e+02,9.347835083007812500e+02
2.348000000000000000e+03,5.344626464843750000e+02,8.285435180664062500e+02
2.349000000000000000e+03,5.968323974609375000e+02,1.223853027343750000e+03
2.350000000000000000e+03,5.839282226562500000e+02,8.481585693359375000e+02
2.351000000000000000e+03,5.851961059570312500e+02,8.319093627929687500e+02
2.352000000000000000e+03,6.439728393554687500e+02,1.441986083984375000e+03
2.353000000000000000e+03,5.548272094726562500e+02,1.003908081054687500e+03
2.354000000000000000e+03,6.257163696289062500e+02,8.876735229492187500e+02
2.355000000000000000e+03,5.901513671875000000e+02,9.935625610351562500e+02
2.356000000000000000e+03,5.782787475585937500e+02,2.922567382812500000e+03
2.357000000000000000e+03,6.150098876953125000e+02,8.226520996093750000e+02
2.358000000000000000e+03,6.270618286132812500e+02,1.084995361328125000e+03
2.359000000000000000e+03,6.094119262695312500e+02,8.303679809570312500e+02
2.360000000000000000e+03,6.597500610351562500e+02,8.205401000976562500e+02
2.361000000000000000e+03,6.227166137695312500e+02,9.284356689453125000e+02
2.362000000000000000e+03,5.776524658203125000e+02,8.660812377929687500e+02
2.363000000000000000e+03,6.483767700195312500e+02,8.451021728515625000e+02
2.364000000000000000e+03,6.305908203125000000e+02,8.534294433593750000e+02
2.365000000000000000e+03,5.779945068359375000e+02,1.078054443359375000e+03
2.366000000000000000e+03,5.672752075195312500e+02,1.046524536132812500e+03
2.367000000000000000e+03,6.192271728515625000e+02,8.320567626953125000e+02
2.368000000000000000e+03,5.409440917968750000e+02,9.428079223632812500e+02
2.369000000000000000e+03,5.869684448242187500e+02,1.048576171875000000e+03
2.370000000000000000e+03,5.472854003906250000e+02,1.000762756347656250e+03
2.371000000000000000e+03,5.935382690429687500e+02,9.073731689453125000e+02
2.372000000000000000e+03,5.122449951171875000e+02,9.582221069335937500e+02
2.373000000000000000e+03,5.626607666015625000e+02,9.512753295898437500e+02
2.374000000000000000e+03,5.700935668945312500e+02,8.287610473632812500e+02
2.375000000000000000e+03,5.454532470703125000e+02,1.310564331054687500e+03
2.376000000000000000e+03,5.805920410156250000e+02,1.015796203613281250e+03
2.377000000000000000e+03,5.767794189453125000e+02,8.570231933593750000e+02
2.378000000000000000e+03,5.742486572265625000e+02,8.357355957031250000e+02
2.379000000000000000e+03,6.185695800781250000e+02,8.564182128906250000e+02
2.380000000000000000e+03,5.952597045898437500e+02,9.336216430664062500e+02
2.381000000000000000e+03,6.211582031250000000e+02,1.587252441406250000e+03
2.382000000000000000e+03,5.619167480468750000e+02,9.786737060546875000e+02
2.383000000000000000e+03,6.241165161132812500e+02,8.326648559570312500e+02
2.384000000000000000e+03,5.834328613281250000e+02,9.408214111328125000e+02
2.385000000000000000e+03,5.339053344726562500e+02,9.500614013671875000e+02
2.386000000000000000e+03,6.139316406250000000e+02,8.259769287109375000e+02
2.387000000000000000e+03,5.941776123046875000e+02,8.827051391601562500e+02
2.388000000000000000e+03,6.154319458007812500e+02,8.439140625000000000e+02
2.389000000000000000e+03,5.943400268554687500e+02,8.291140747070312500e+02
2.390000000000000000e+03,5.583051757812500000e+02,8.292308959960937500e+02
2.391000000000000000e+03,5.444569702148437500e+02,2.731713378906250000e+03
2.392000000000000000e+03,5.511182250976562500e+02,8.535361938476562500e+02
2.393000000000000000e+03,5.851535034179687500e+02,2.041790283203125000e+03
2.394000000000000000e+03,5.907261962890625000e+02,1.200892333984375000e+03
2.395000000000000000e+03,5.629805908203125000e+02,8.319758911132812500e+02
2.396000000000000000e+03,5.695707397460937500e+02,1.186718872070312500e+03
2.397000000000000000e+03,6.529524536132812500e+02,8.253690795898437500e+02
2.398000000000000000e+03,5.914126586914062500e+02,8.386869506835937500e+02
2.399000000000000000e+03,5.851306762695312500e+02,1.305247436523437500e+03
2.400000000000000000e+03,5.490443725585937500e+02,1.242877441406250000e+03
2.401000000000000000e+03,6.017890014648437500e+02,1.108947509765625000e+03
2.402000000000000000e+03,6.720381469726562500e+02,9.683803100585937500e+02
2.403000000000000000e+03,6.063355102539062500e+02,8.406181640625000000e+02
2.404000000000000000e+03,6.315262451171875000e+02,1.043972167968750000e+03
2.405000000000000000e+03,6.004579467773437500e+02,1.361235717773437500e+03
2.406000000000000000e+03,6.178256225585937500e+02,8.514152832031250000e+02
2.407000000000000000e+03,6.210368041992187500e+02,8.218918457031250000e+02
2.408000000000000000e+03,5.852997436523437500e+02,9.508764648437500000e+02
2.409000000000000000e+03,6.107377319335937500e+02,9.199732666015625000e+02
2.410000000000000000e+03,6.582700805664062500e+02,1.274134765625000000e+03
2.411000000000000000e+03,5.811021118164062500e+02,1.455287963867187500e+03
2.412000000000000000e+03,6.388168945312500000e+02,1.008605407714843750e+03
2.413000000000000000e+03,6.343137817382812500e+02,8.504765625000000000e+02
2.414000000000000000e+03,5.992387084960937500e+02,1.026846801757812500e+03
2.415000000000000000e+03,6.458443603515625000e+02,1.111816772460937500e+03
2.416000000000000000e+03,6.048675537109375000e+02,1.017796264648437500e+03
2.417000000000000000e+03,6.699147949218750000e+02,8.228342285156250000e+02
2.418000000000000000e+03,5.762520751953125000e+02,9.333743896484375000e+02
2.419000000000000000e+03,5.886841430664062500e+02,1.333892700195312500e+03
2.420000000000000000e+03,6.261260375976562500e+02,8.339356079101562500e+02
2.421000000000000000e+03,6.154302978515625000e+02,9.059697875976562500e+02
2.422000000000000000e+03,6.017139892578125000e+02,9.131560668945312500e+02
2.423000000000000000e+03,5.549171142578125000e+02,8.346872558593750000e+02
2.424000000000000000e+03,6.048419799804687500e+02,1.266492431640625000e+03
2.425000000000000000e+03,5.960241699218750000e+02,9.114267578125000000e+02
2.426000000000000000e+03,5.931356201171875000e+02,8.500250244140625000e+02
2.427000000000000000e+03,5.532720947265625000e+02,1.605561401367187500e+03
2.428000000000000000e+03,6.284382324218750000e+02,1.027831909179687500e+03
2.429000000000000000e+03,6.113585205078125000e+02,8.284535522460937500e+02
2.430000000000000000e+03,5.726226196289062500e+02,1.022828491210937500e+03
2.431000000000000000e+03,6.638756713867187500e+02,8.540020751953125000e+02
2.432000000000000000e+03,5.909074096679687500e+02,8.328289794921875000e+02
2.433000000000000000e+03,5.374289550781250000e+02,1.071578247070312500e+03
2.434000000000000000e+03,6.061313476562500000e+02,2.542083496093750000e+03
2.435000000000000000e+03,5.857804565429687500e+02,1.216687377929687500e+03
2.436000000000000000e+03,6.026976928710937500e+02,9.009578857421875000e+02
2.437000000000000000e+03,6.121270751953125000e+02,8.827197265625000000e+02
2.438000000000000000e+03,6.287839965820312500e+02,8.851373291015625000e+02
2.439000000000000000e+03,6.269861450195312500e+02,1.166243164062500000e+03
2.440000000000000000e+03,5.950780639648437500e+02,1.002561401367187500e+03
2.441000000000000000e+03,6.082137451171875000e+02,8.722037353515625000e+02
2.442000000000000000e+03,5.229272460937500000e+02,9.009375000000000000e+02
2.443000000000000000e+03,6.052772216796875000e+02,8.286016235351562500e+02
2.444000000000000000e+03,5.539593505859375000e+02,8.896968994140625000e+02
2.445000000000000000e+03,6.449057006835937500e+02,8.933485107421875000e+02
2.446000000000000000e+03,5.659143066406250000e+02,9.829371337890625000e+02
2.447000000000000000e+03,5.952893066406250000e+02,1.035001098632812500e+03
2.448000000000000000e+03,6.228723754882812500e+02,9.951034545898437500e+02
2.449000000000000000e+03,6.487448730468750000e+02,8.412880859375000000e+02
2.450000000000000000e+03,6.111491088867187500e+02,1.077167968750000000e+03
2.451000000000000000e+03,5.271235961914062500e+02,8.208672485351562500e+02
2.452000000000000000e+03,6.027208862304687500e+02,8.323453369140625000e+02
2.453000000000000000e+03,5.445930786132812500e+02,1.435962890625000000e+03
2.454000000000000000e+03,6.346853637695312500e+02,8.254659423828125000e+02
2.455000000000000000e+03,5.357918701171875000e+02,9.373495483398437500e+02
2.456000000000000000e+03,5.612653198242187500e+02,1.071915161132812500e+03
2.457000000000000000e+03,5.410304565429687500e+02,1.804224853515625000e+03
2.458000000000000000e+03,6.068358764648437500e+02,8.204932861328125000e+02
2.459000000000000000e+03,6.214299926757812500e+02,1.984161621093750000e+03
2.460000000000000000e+03,5.811417236328125000e+02,1.698678955078125000e+03
2.461000000000000000e+03,6.155751342773437500e+02,8.213361206054687500e+02
2.462000000000000000e+03,5.457648315429687500e+02,1.489205688476562500e+03
2.463000000000000000e+03,6.057616577148437500e+02,1.437251098632812500e+03
2.464000000000000000e+03,5.695335083007812500e+02,8.215306396484375000e+02
2.465000000000000000e+03,5.667772216796875000e+02,1.218096313476562500e+03
2.466000000000000000e+03,6.046641235351562500e+02,8.210630493164062500e+02
2.467000000000000000e+03,5.916311645507812500e+02,9.973367309570312500e+02
2.468000000000000000e+03,5.594415283203125000e+02,1.181773193359375000e+03
2.469000000000000000e+03,5.949154052734375000e+02,1.352918701171875000e+03
2.470000000000000000e+03,5.402917480468750000e+02,1.508611572265625000e+03
2.471000000000000000e+03,6.346436767578125000e+02,9.191474609375000000e+02
2.472000000000000000e+03,5.942660522460937500e+02,1.080158081054687500e+03
2.473000000000000000e+03,5.934564819335937500e+02,1.495111083984375000e+03
2.474000000000000000e+03,6.281607666015625000e+02,9.679262084960937500e+02
2.475000000000000000e+03,6.665612182617187500e+02,8.192432861328125000e+02
2.476000000000000000e+03,6.651317749023437500e+02,1.430505249023437500e+03
2.477000000000000000e+03,5.651596679687500000e+02,1.491018798828125000e+03
2.478000000000000000e+03,6.212663574218750000e+02,1.404039428710937500e+03
2.479000000000000000e+03,6.196395263671875000e+02,9.667129516601562500e+02
2.480000000000000000e+03,6.280301513671875000e+02,9.545429077148437500e+02
2.481000000000000000e+03,5.449913330078125000e+02,8.271293334960937500e+02
2.482000000000000000e+03,5.959506225585937500e+02,1.307288696289062500e+03
2.483000000000000000e+03,6.294152832031250000e+02,8.718271484375000000e+02
2.484000000000000000e+03,5.842359619140625000e+02,1.401701416015625000e+03
2.485000000000000000e+03,5.965239257812500000e+02,8.288115234375000000e+02
2.486000000000000000e+03,6.199968261718750000e+02,1.545136840820312500e+03
2.487000000000000000e+03,5.806966552734375000e+02,8.161560668945312500e+02
2.488000000000000000e+03,6.498580322265625000e+02,1.603783203125000000e+03
2.489000000000000000e+03,6.298570556640625000e+02,8.294615478515625000e+02
2.490000000000000000e+03,5.681023559570312500e+02,2.204567626953125000e+03
2.491000000000000000e+03,5.892006835937500000e+02,1.247141479492187500e+03
2.492000000000000000e+03,5.526970825195312500e+02,1.567688842773437500e+03
2.493000000000000000e+03,5.564271850585937500e+02,8.152587890625000000e+02
2.494000000000000000e+03,6.383946533203125000e+02,1.027330200195312500e+03
2.495000000000000000e+03,6.135723876953125000e+02,1.269520019531250000e+03
2.496000000000000000e+03,5.564467773437500000e+02,9.495834350585937500e+02
2.497000000000000000e+03,6.204899291992187500e+02,8.120656127929687500e+02
2.498000000000000000e+03,6.049408569335937500e+02,8.264765014648437500e+02
2.499000000000000000e+03,6.511157836914062500e+02,8.105933227539062500e+02
2.500000000000000000e+03,6.718086547851562500e+02,8.954045410156250000e+02
2.501000000000000000e+03,6.409421386718750000e+02,1.547085815429687500e+03
2.502000000000000000e+03,6.267711181640625000e+02,9.608476562500000000e+02
2.503000000000000000e+03,5.790878906250000000e+02,1.030321411132812500e+03
2.504000000000000000e+03,6.328675537109375000e+02,8.419274902343750000e+02
2.505000000000000000e+03,6.098127441406250000e+02,8.283754272460937500e+02
2.506000000000000000e+03,5.613212280273437500e+02,8.173522338867187500e+02
2.507000000000000000e+03,6.294362792968750000e+02,8.149399414062500000e+02
2.508000000000000000e+03,6.398941040039062500e+02,8.565502319335937500e+02
2.509000000000000000e+03,6.265516967773437500e+02,9.134027709960937500e+02
2.510000000000000000e+03,5.770917968750000000e+02,8.391762084960937500e+02
2.511000000000000000e+03,6.189987792968750000e+02,8.410143432617187500e+02
2.512000000000000000e+03,5.933303833007812500e+02,9.455965576171875000e+02
2.513000000000000000e+03,6.232587890625000000e+02,8.111774902343750000e+02
2.514000000000000000e+03,6.405296630859375000e+02,1.498947753906250000e+03
2.515000000000000000e+03,6.349031372070312500e+02,1.184487548828125000e+03
2.516000000000000000e+03,6.818546142578125000e+02,8.166366577148437500e+02
2.517000000000000000e+03,6.344907226562500000e+02,8.158075561523437500e+02
2.518000000000000000e+03,6.120307617187500000e+02,9.016907958984375000e+02
2.519000000000000000e+03,6.301848754882812500e+02,8.741295166015625000e+02
2.520000000000000000e+03,6.199234619140625000e+02,9.047068481445312500e+02
2.521000000000000000e+03,5.832695922851562500e+02,8.214528808593750000e+02
2.522000000000000000e+03,5.770679321289062500e+02,1.370819580078125000e+03
2.523000000000000000e+03,5.762724609375000000e+02,8.933162231445312500e+02
2.524000000000000000e+03,5.734564819335937500e+02,8.535026855468750000e+02
2.525000000000000000e+03,5.235578613281250000e+02,9.901954956054687500e+02
2.526000000000000000e+03,5.945557861328125000e+02,8.229218139648437500e+02
2.527000000000000000e+03,5.641483764648437500e+02,8.124645996093750000e+02
2.528000000000000000e+03,5.409805908203125000e+02,9.018173828125000000e+02
2.529000000000000000e+03,5.451823120117187500e+02,9.624385986328125000e+02
2.530000000000000000e+03,6.816322631835937500e+02,8.136654663085937500e+02
2.531000000000000000e+03,6.340386352539062500e+02,9.364093627929687500e+02
2.532000000000000000e+03,6.248416748046875000e+02,1.096026367187500000e+03
2.533000000000000000e+03,5.501757202148437500e+02,9.136118164062500000e+02
2.534000000000000000e+03,5.486113891601562500e+02,1.297703735351562500e+03
2.535000000000000000e+03,5.645039672851562500e+02,8.333904418945312500e+02
2.536000000000000000e+03,5.711538085937500000e+02,8.912720336914062500e+02
2.537000000000000000e+03,6.853005371093750000e+02,8.855374755859375000e+02
2.538000000000000000e+03,5.714712524414062500e+02,8.230088500976562500e+02
2.539000000000000000e+03,5.838016967773437500e+02,1.140158813476562500e+03
2.540000000000000000e+03,5.531234130859375000e+02,8.769502563476562500e+02
2.541000000000000000e+03,5.611327514648437500e+02,8.633157348632812500e+02
2.542000000000000000e+03,6.560397949218750000e+02,8.349426269531250000e+02
2.543000000000000000e+03,6.675733032226562500e+02,1.217134643554687500e+03
2.544000000000000000e+03,5.982558593750000000e+02,8.935004272460937500e+02
2.545000000000000000e+03,5.906760864257812500e+02,1.093213500976562500e+03
2.546000000000000000e+03,5.590669555664062500e+02,8.258092041015625000e+02
2.547000000000000000e+03,6.244075317382812500e+02,8.244321899414062500e+02
2.548000000000000000e+03,6.323976440429687500e+02,8.348871459960937500e+02
2.549000000000000000e+03,5.607128906250000000e+02,8.694806518554687500e+02
2.550000000000000000e+03,5.502268066406250000e+02,1.318489379882812500e+03
2.551000000000000000e+03,5.675804443359375000e+02,8.300422973632812500e+02
2.552000000000000000e+03,6.137571411132812500e+02,8.521386108398437500e+02
2.553000000000000000e+03,6.232890014648437500e+02,1.515002807617187500e+03
2.554000000000000000e+03,5.723713378906250000e+02,1.235029174804687500e+03
2.555000000000000000e+03,6.160652465820312500e+02,8.210671997070312500e+02
2.556000000000000000e+03,5.457852172851562500e+02,8.172037963867187500e+02
2.557000000000000000e+03,6.027349243164062500e+02,8.764127807617187500e+02
2.558000000000000000e+03,5.670137939453125000e+02,1.106566406250000000e+03
2.559000000000000000e+03,6.137200317382812500e+02,1.288711425781250000e+03
2.560000000000000000e+03,5.635415039062500000e+02,8.198718872070312500e+02
2.561000000000000000e+03,5.503193359375000000e+02,9.039845581054687500e+02
2.562000000000000000e+03,5.743338623046875000e+02,8.741088256835937500e+02
2.563000000000000000e+03,5.617375488281250000e+02,8.212267456054687500e+02
2.564000000000000000e+03,6.365223999023437500e+02,8.437061767578125000e+02
2.565000000000000000e+03,5.236586303710937500e+02,9.735226440429687500e+02
2.566000000000000000e+03,6.083389282226562500e+02,1.027022827148437500e+03
2.567000000000000000e+03,6.025681762695312500e+02,8.243797607421875000e+02
2.568000000000000000e+03,6.505611572265625000e+02,1.421475341796875000e+03
2.569000000000000000e+03,6.161921386718750000e+02,8.311154785156250000e+02
2.570000000000000000e+03,5.878924560546875000e+02,9.152347412109375000e+02
2.571000000000000000e+03,5.689263305664062500e+02,8.103411254882812500e+02
2.572000000000000000e+03,6.445586547851562500e+02,8.451883544921875000e+02
2.573000000000000000e+03,5.811304321289062500e+02,1.599862548828125000e+03
2.574000000000000000e+03,6.427667236328125000e+02,9.804187622070312500e+02
2.575000000000000000e+03,5.929710693359375000e+02,9.083768920898437500e+02
2.576000000000000000e+03,6.379630737304687500e+02,1.216197875976562500e+03
2.577000000000000000e+03,5.397212524414062500e+02,9.874578857421875000e+02
2.578000000000000000e+03,6.506828002929687500e+02,9.354149169921875000e+02
2.579000000000000000e+03,6.182038574218750000e+02,1.080818359375000000e+03
2.580000000000000000e+03,5.869177246093750000e+02,9.615255126953125000e+02
2.581000000000000000e+03,5.772726440429687500e+02,1.232583129882812500e+03
2.582000000000000000e+03,6.672349853515625000e+02,8.277687377929687500e+02
2.583000000000000000e+03,6.061818237304687500e+02,9.678287963867187500e+02
2.584000000000000000e+03,6.303159179687500000e+02,1.006078491210937500e+03
2.585000000000000000e+03,5.887887573242187500e+02,8.259445190429687500e+02
2.586000000000000000e+03,5.675182495117187500e+02,1.257746215820312500e+03
2.587000000000000000e+03,6.195831298828125000e+02,8.327095336914062500e+02
2.588000000000000000e+03,5.922316284179687500e+02,1.529917236328125000e+03
2.589000000000000000e+03,6.024282226562500000e+02,9.939409790039062500e+02
2.590000000000000000e+03,5.820598754882812500e+02,8.421522827148437500e+02
2.591000000000000000e+03,5.382156372070312500e+02,1.298124389648437500e+03
2.592000000000000000e+03,5.584127197265625000e+02,1.111838134765625000e+03
2.593000000000000000e+03,5.890953369140625000e+02,1.041810913085937500e+03
2.594000000000000000e+03,6.509365844726562500e+02,1.065736816406250000e+03
2.595000000000000000e+03,6.271894531250000000e+02,9.534599609375000000e+02
2.596000000000000000e+03,6.979296264648437500e+02,9.838890380859375000e+02
2.597000000000000000e+03,5.396267089843750000e+02,2.741661865234375000e+03
2.598000000000000000e+03,6.359959716796875000e+02,8.320989379882812500e+02
2.599000000000000000e+03,6.042843627929687500e+02,1.115868286132812500e+03
2.600000000000000000e+03,6.076419067382812500e+02,8.343757934570312500e+02
2.601000000000000000e+03,5.840009155273437500e+02,8.863674316406250000e+02
2.602000000000000000e+03,5.584888916015625000e+02,9.225145263671875000e+02
2.603000000000000000e+03,6.461088256835937500e+02,1.120780883789062500e+03
2.604000000000000000e+03,5.730347290039062500e+02,8.900718994140625000e+02
2.605000000000000000e+03,5.655917968750000000e+02,8.453651123046875000e+02
2.606000000000000000e+03,5.577166137695312500e+02,8.161733398437500000e+02
2.607000000000000000e+03,5.808510131835937500e+02,8.164559326171875000e+02
2.608000000000000000e+03,6.233508300781250000e+02,8.440031127929687500e+02
2.609000000000000000e+03,6.229902954101562500e+02,8.164122314453125000e+02
2.610000000000000000e+03,6.457473754882812500e+02,8.229015502929687500e+02
2.611000000000000000e+03,5.912750244140625000e+02,8.138721313476562500e+02
2.612000000000000000e+03,5.913681030273437500e+02,8.174722290039062500e+02
2.613000000000000000e+03,6.210452880859375000e+02,8.647286376953125000e+02
2.614000000000000000e+03,5.617579345703125000e+02,1.257234863281250000e+03
2.615000000000000000e+03,5.729931640625000000e+02,9.221731567382812500e+02
2.616000000000000000e+03,6.113363037109375000e+02,1.224969848632812500e+03
2.617000000000000000e+03,5.885758666992187500e+02,9.564086914062500000e+02
2.618000000000000000e+03,5.506233520507812500e+02,9.122072753906250000e+02
2.619000000000000000e+03,5.386665649414062500e+02,1.194734497070312500e+03
2.620000000000000000e+03,5.887273559570312500e+02,8.164549560546875000e+02
2.621000000000000000e+03,5.841486816406250000e+02,8.555454711914062500e+02
2.622000000000000000e+03,6.081123657226562500e+02,8.075422973632812500e+02
2.623000000000000000e+03,5.801979980468750000e+02,8.073240356445312500e+02
2.624000000000000000e+03,6.466069946289062500e+02,8.573893432617187500e+02
2.625000000000000000e+03,6.384136962890625000e+02,1.124643676757812500e+03
2.626000000000000000e+03,5.737741699218750000e+02,1.092088745117187500e+03
2.627000000000000000e+03,5.293166503906250000e+02,8.753347167968750000e+02
2.628000000000000000e+03,6.381984863281250000e+02,1.428977050781250000e+03
2.629000000000000000e+03,5.891145629882812500e+02,8.857482910156250000e+02
2.630000000000000000e+03,5.810240478515625000e+02,8.858106079101562500e+02
2.631000000000000000e+03,5.835534667968750000e+02,9.339868164062500000e+02
2.632000000000000000e+03,6.190115966796875000e+02,9.301085815429687500e+02
2.633000000000000000e+03,6.407230834960937500e+02,8.273582763671875000e+02
2.634000000000000000e+03,6.562784423828125000e+02,9.112820434570312500e+02
2.635000000000000000e+03,6.258258666992187500e+02,8.118444213867187500e+02
2.636000000000000000e+03,6.609647216796875000e+02,8.217039794921875000e+02
2.637000000000000000e+03,6.072617797851562500e+02,8.163343505859375000e+02
2.638000000000000000e+03,5.954217529296875000e+02,9.994714355468750000e+02
2.639000000000000000e+03,5.924224853515625000e+02,8.230729980468750000e+02
2.640000000000000000e+03,6.486979980468750000e+02,8.248306274414062500e+02
2.641000000000000000e+03,5.901820678710937500e+02,8.095784912109375000e+02
2.642000000000000000e+03,5.477384033203125000e+02,1.434593872070312500e+03
2.643000000000000000e+03,6.012595825195312500e+02,1.058244384765625000e+03
2.644000000000000000e+03,5.994116210937500000e+02,1.012823181152343750e+03
2.645000000000000000e+03,5.870208129882812500e+02,8.571390380859375000e+02
2.646000000000000000e+03,6.116932373046875000e+02,9.685267333984375000e+02
2.647000000000000000e+03,5.874994506835937500e+02,8.090784912109375000e+02
2.648000000000000000e+03,6.220250244140625000e+02,8.570689086914062500e+02
2.649000000000000000e+03,5.901249389648437500e+02,8.083992309570312500e+02
2.650000000000000000e+03,6.280893554687500000e+02,1.052050048828125000e+03
2.651000000000000000e+03,6.089481201171875000e+02,9.472719726562500000e+02
2.652000000000000000e+03,6.238543701171875000e+02,9.418327026367187500e+02
2.653000000000000000e+03,5.386062622070312500e+02,1.112958984375000000e+03
2.654000000000000000e+03,6.479173583984375000e+02,8.355501708984375000e+02
2.655000000000000000e+03,5.920654296875000000e+02,9.372251586914062500e+02
2.656000000000000000e+03,5.236451416015625000e+02,2.368620849609375000e+03
2.657000000000000000e+03,5.680604248046875000e+02,1.107924682617187500e+03
2.658000000000000000e+03,6.060885620117187500e+02,8.084451293945312500e+02
2.659000000000000000e+03,5.631251831054687500e+02,8.769866943359375000e+02
2.660000000000000000e+03,5.660311279296875000e+02,1.322164306640625000e+03
2.661000000000000000e+03,5.995050048828125000e+02,1.031479370117187500e+03
2.662000000000000000e+03,6.454350585937500000e+02,1.329812377929687500e+03
2.663000000000000000e+03,6.662442016601562500e+02,1.273384155273437500e+03
2.664000000000000000e+03,5.883646240234375000e+02,1.351125122070312500e+03
2.665000000000000000e+03,7.009786987304687500e+02,1.053111206054687500e+03
2.666000000000000000e+03,6.448677368164062500e+02,1.271053100585937500e+03
2.667000000000000000e+03,6.713793334960937500e+02,8.811481933593750000e+02
2.668000000000000000e+03,6.251099853515625000e+02,8.215977172851562500e+02
2.669000000000000000e+03,6.018061523437500000e+02,9.381815185546875000e+02
2.670000000000000000e+03,5.993207397460937500e+02,8.417987060546875000e+02
2.671000000000000000e+03,5.823425903320312500e+02,9.529724121093750000e+02
2.672000000000000000e+03,5.666014404296875000e+02,8.552129516601562500e+02
2.673000000000000000e+03,6.106332397460937500e+02,8.839964599609375000e+02
2.674000000000000000e+03,5.652608642578125000e+02,8.434099121093750000e+02
2.675000000000000000e+03,5.788049926757812500e+02,8.308380126953125000e+02
2.676000000000000000e+03,5.812874755859375000e+02,9.287574462890625000e+02
2.677000000000000000e+03,6.217999267578125000e+02,8.720528564453125000e+02
2.678000000000000000e+03,5.332930297851562500e+02,8.193829956054687500e+02
2.679000000000000000e+03,6.151439208984375000e+02,1.485072875976562500e+03
2.680000000000000000e+03,6.348370361328125000e+02,9.842272338867187500e+02
2.681000000000000000e+03,6.269659423828125000e+02,9.983924560546875000e+02
2.682000000000000000e+03,5.548688964843750000e+02,8.513737792968750000e+02
2.683000000000000000e+03,5.525765991210937500e+02,8.177659912109375000e+02
2.684000000000000000e+03,6.176790771484375000e+02,9.925462036132812500e+02
2.685000000000000000e+03,5.980999145507812500e+02,9.510193481445312500e+02
2.686000000000000000e+03,6.268635864257812500e+02,8.297689208984375000e+02
2.687000000000000000e+03,6.119735107421875000e+02,1.057159057617187500e+03
2.688000000000000000e+03,5.420668334960937500e+02,9.180554809570312500e+02
2.689000000000000000e+03,6.799714965820312500e+02,9.602024536132812500e+02
2.690000000000000000e+03,5.631508789062500000e+02,8.822426147460937500e+02
2.691000000000000000e+03,5.560284423828125000e+02,8.103948974609375000e+02
2.692000000000000000e+03,5.890255737304687500e+02,8.108832397460937500e+02
2.693000000000000000e+03,5.286448974609375000e+02,8.253312377929687500e+02
2.694000000000000000e+03,5.695750122070312500e+02,8.201412963867187500e+02
2.695000000000000000e+03,5.711171264648437500e+02,8.084882202148437500e+02
2.696000000000000000e+03,5.928555908203125000e+02,8.059445190429687500e+02
2.697000000000000000e+03,6.392412719726562500e+02,8.369580078125000000e+02
2.698000000000000000e+03,7.086013183593750000e+02,9.641258544921875000e+02
2.699000000000000000e+03,5.382010498046875000e+02,8.369071044921875000e+02
2.700000000000000000e+03,6.313656005859375000e+02,8.107221069335937500e+02
2.701000000000000000e+03,5.925682373046875000e+02,8.795881958007812500e+02
2.702000000000000000e+03,5.586533813476562500e+02,1.039914672851562500e+03
2.703000000000000000e+03,6.604475708007812500e+02,1.070297607421875000e+03
2.704000000000000000e+03,6.187836303710937500e+02,8.368909912109375000e+02
2.705000000000000000e+03,5.606751098632812500e+02,8.976824951171875000e+02
2.706000000000000000e+03,6.221748046875000000e+02,8.610078125000000000e+02
2.707000000000000000e+03,5.801102294921875000e+02,8.407327270507812500e+02
2.708000000000000000e+03,5.969577026367187500e+02,8.165233764648437500e+02
2.709000000000000000e+03,5.927935791015625000e+02,1.140797851562500000e+03
2.710000000000000000e+03,6.257982177734375000e+02,9.518608398437500000e+02
2.711000000000000000e+03,6.064345703125000000e+02,8.982801513671875000e+02
2.712000000000000000e+03,6.199388427734375000e+02,9.325565795898437500e+02
2.713000000000000000e+03,5.952622070312500000e+02,1.292671386718750000e+03
2.714000000000000000e+03,6.303460083007812500e+02,8.232786254882812500e+02
2.715000000000000000e+03,5.288222656250000000e+02,8.582908935546875000e+02
2.716000000000000000e+03,5.793359985351562500e+02,9.295460205078125000e+02
2.717000000000000000e+03,6.895585327148437500e+02,8.284508056640625000e+02
2.718000000000000000e+03,6.414251708984375000e+02,9.143494873046875000e+02
2.719000000000000000e+03,6.004838867187500000e+02,8.268723754882812500e+02
2.720000000000000000e+03,6.408603515625000000e+02,8.792354736328125000e+02
2.721000000000000000e+03,6.208553466796875000e+02,1.255197631835937500e+03
2.722000000000000000e+03,5.502375488281250000e+02,1.186226684570312500e+03
2.723000000000000000e+03,5.910702514648437500e+02,1.453976318359375000e+03
2.724000000000000000e+03,5.692835083007812500e+02,8.329303588867187500e+02
2.725000000000000000e+03,5.896134033203125000e+02,8.231173706054687500e+02
2.726000000000000000e+03,6.300654907226562500e+02,9.295274047851562500e+02
2.727000000000000000e+03,6.066051635742187500e+02,8.109676513671875000e+02
2.728000000000000000e+03,6.389426269531250000e+02,8.654927978515625000e+02
2.729000000000000000e+03,5.420289306640625000e+02,8.173537597656250000e+02
2.730000000000000000e+03,6.150640869140625000e+02,1.169971191406250000e+03
2.731000000000000000e+03,5.643381958007812500e+02,9.094176025390625000e+02
2.732000000000000000e+03,5.809046630859375000e+02,1.233510620117187500e+03
2.733000000000000000e+03,5.560465087890625000e+02,8.211345214843750000e+02
2.734000000000000000e+03,5.302321777343750000e+02,8.252044067382812500e+02
2.735000000000000000e+03,5.773505249023437500e+02,8.210909423828125000e+02
2.736000000000000000e+03,5.622072753906250000e+02,1.438539550781250000e+03
2.737000000000000000e+03,5.979397583007812500e+02,1.061441528320312500e+03
2.738000000000000000e+03,5.538868408203125000e+02,1.422747192382812500e+03
2.739000000000000000e+03,5.216644897460937500e+02,3.451289306640625000e+03
2.740000000000000000e+03,6.136182250976562500e+02,9.329382934570312500e+02
2.741000000000000000e+03,6.132829589843750000e+02,8.080015869140625000e+02
2.742000000000000000e+03,5.901221313476562500e+02,1.451913940429687500e+03
2.743000000000000000e+03,5.782721557617187500e+02,8.415180664062500000e+02
2.744000000000000000e+03,6.489674072265625000e+02,8.739468994140625000e+02
2.745000000000000000e+03,6.277730102539062500e+02,1.088108276367187500e+03
2.746000000000000000e+03,6.379273071289062500e+02,8.257962646484375000e+02
2.747000000000000000e+03,6.080812377929687500e+02,8.077139892578125000e+02
2.748000000000000000e+03,5.798538818359375000e+02,9.860316162109375000e+02
2.749000000000000000e+03,6.447546386718750000e+02,9.158640747070312500e+02
2.750000000000000000e+03,6.198482055664062500e+02,8.471420898437500000e+02
2.751000000000000000e+03,6.348897094726562500e+02,1.122020629882812500e+03
2.752000000000000000e+03,6.407959594726562500e+02,8.307676391601562500e+02
2.753000000000000000e+03,5.984092407226562500e+02,8.900169067382812500e+02
2.754000000000000000e+03,5.628968505859375000e+02,1.097638671875000000e+03
2.755000000000000000e+03,5.868847656250000000e+02,9.168501586914062500e+02
2.756000000000000000e+03,5.974333496093750000e+02,8.461751708984375000e+02
2.757000000000000000e+03,6.166198120117187500e+02,8.631425170898437500e+02
2.758000000000000000e+03,6.009573364257812500e+02,1.702717529296875000e+03
2.759000000000000000e+03,5.656150512695312500e+02,8.148432006835937500e+02
2.760000000000000000e+03,6.173402709960937500e+02,8.442868652343750000e+02
2.761000000000000000e+03,5.562446899414062500e+02,8.599597167968750000e+02
2.762000000000000000e+03,5.834403076171875000e+02,9.503380126953125000e+02
2.763000000000000000e+03,5.323436889648437500e+02,8.279534912109375000e+02
2.764000000000000000e+03,6.189063720703125000e+02,8.624251098632812500e+02
2.765000000000000000e+03,6.366267700195312500e+02,8.613262329101562500e+02
2.766000000000000000e+03,6.491275024414062500e+02,8.326135253906250000e+02
2.767000000000000000e+03,5.831593627929687500e+02,9.927664184570312500e+02
2.768000000000000000e+03,6.314404296875000000e+02,8.167990722656250000e+02
2.769000000000000000e+03,6.212847900390625000e+02,9.708254394531250000e+02
2.770000000000000000e+03,6.264072265625000000e+02,8.202917480468750000e+02
2.771000000000000000e+03,5.636599121093750000e+02,8.544286499023437500e+02
2.772000000000000000e+03,5.754241943359375000e+02,1.273210449218750000e+03
2.773000000000000000e+03,6.007086181640625000e+02,8.492532348632812500e+02
2.774000000000000000e+03,6.025585937500000000e+02,8.120044555664062500e+02
2.775000000000000000e+03,6.030029907226562500e+02,9.818106689453125000e+02
2.776000000000000000e+03,5.749946289062500000e+02,8.303880004882812500e+02
2.777000000000000000e+03,5.270178833007812500e+02,9.572173461914062500e+02
2.778000000000000000e+03,5.764208984375000000e+02,8.744343872070312500e+02
2.779000000000000000e+03,5.474600219726562500e+02,8.273252563476562500e+02
2.780000000000000000e+03,6.031943969726562500e+02,9.222783813476562500e+02
2.781000000000000000e+03,6.209608154296875000e+02,8.492517089843750000e+02
2.782000000000000000e+03,5.871033325195312500e+02,1.045908203125000000e+03
2.783000000000000000e+03,5.503994140625000000e+02,8.786178588867187500e+02
2.784000000000000000e+03,6.464826049804687500e+02,1.012030456542968750e+03
2.785000000000000000e+03,6.211424560546875000e+02,8.663531494140625000e+02
2.786000000000000000e+03,6.615337524414062500e+02,8.109797973632812500e+02
2.787000000000000000e+03,5.405390014648437500e+02,8.514685668945312500e+02
2.788000000000000000e+03,5.747222290039062500e+02,8.884975585937500000e+02
2.789000000000000000e+03,5.773511352539062500e+02,8.456060180664062500e+02
2.790000000000000000e+03,6.088001708984375000e+02,8.100806274414062500e+02
2.791000000000000000e+03,5.971390380859375000e+02,1.410158447265625000e+03
2.792000000000000000e+03,6.066248779296875000e+02,8.366134643554687500e+02
2.793000000000000000e+03,5.330118408203125000e+02,8.521539306640625000e+02
2.794000000000000000e+03,5.887106933593750000e+02,8.431401977539062500e+02
2.795000000000000000e+03,5.836753540039062500e+02,8.228067016601562500e+02
2.796000000000000000e+03,5.576230468750000000e+02,8.651986694335937500e+02
2.797000000000000000e+03,5.904290161132812500e+02,8.740843505859375000e+02
2.798000000000000000e+03,6.582595214843750000e+02,8.044031372070312500e+02
2.799000000000000000e+03,6.425418090820312500e+02,9.497421875000000000e+02
2.800000000000000000e+03,6.409882202148437500e+02,8.039815673828125000e+02
2.801000000000000000e+03,5.912276611328125000e+02,9.592181396484375000e+02
2.802000000000000000e+03,5.654340820312500000e+02,8.338193359375000000e+02
2.803000000000000000e+03,5.809812622070312500e+02,8.872082519531250000e+02
2.804000000000000000e+03,5.665847167968750000e+02,8.302816162109375000e+02
2.805000000000000000e+03,5.654179687500000000e+02,9.323762207031250000e+02
2.806000000000000000e+03,6.637215576171875000e+02,8.889325561523437500e+02
2.807000000000000000e+03,5.887676391601562500e+02,9.475299682617187500e+02
2.808000000000000000e+03,6.503550415039062500e+02,8.068554687500000000e+02
2.809000000000000000e+03,6.361983642578125000e+02,9.422546997070312500e+02
2.810000000000000000e+03,6.570266113281250000e+02,8.568116455078125000e+02
2.811000000000000000e+03,6.073034667968750000e+02,8.175881958007812500e+02
2.812000000000000000e+03,6.014721679687500000e+02,9.154528808593750000e+02
2.813000000000000000e+03,5.907134399414062500e+02,9.305645141601562500e+02
2.814000000000000000e+03,6.078742675781250000e+02,1.019438537597656250e+03
2.815000000000000000e+03,5.858416748046875000e+02,8.203663330078125000e+02
2.816000000000000000e+03,5.608496093750000000e+02,9.908931274414062500e+02
2.817000000000000000e+03,5.900444335937500000e+02,1.054941284179687500e+03
2.818000000000000000e+03,6.158025512695312500e+02,1.764888916015625000e+03
2.819000000000000000e+03,6.332347412109375000e+02,8.139765014648437500e+02
2.820000000000000000e+03,5.571594238281250000e+02,8.174775390625000000e+02
2.821000000000000000e+03,5.692785034179687500e+02,9.002280273437500000e+02
2.822000000000000000e+03,6.049161376953125000e+02,9.508677978515625000e+02
2.823000000000000000e+03,5.522851562500000000e+02,8.069509277343750000e+02
2.824000000000000000e+03,6.576333618164062500e+02,2.403341552734375000e+03
2.825000000000000000e+03,5.688547973632812500e+02,9.386832275390625000e+02
2.826000000000000000e+03,6.064129638671875000e+02,8.254081420898437500e+02
2.827000000000000000e+03,5.897361450195312500e+02,1.008204223632812500e+03
2.828000000000000000e+03,5.192448730468750000e+02,1.158724853515625000e+03
2.829000000000000000e+03,5.812836303710937500e+02,8.269395141601562500e+02
2.830000000000000000e+03,5.755238647460937500e+02,9.125111083984375000e+02
2.831000000000000000e+03,5.772166137695312500e+02,8.113950805664062500e+02
2.832000000000000000e+03,5.711532592773437500e+02,9.409976806640625000e+02
2.833000000000000000e+03,6.168721313476562500e+02,8.855061645507812500e+02
2.834000000000000000e+03,6.147949218750000000e+02,8.220468750000000000e+02
2.835000000000000000e+03,6.042054443359375000e+02,8.137111206054687500e+02
2.836000000000000000e+03,6.069012451171875000e+02,8.181138305664062500e+02
2.837000000000000000e+03,5.759734497070312500e+02,1.193731811523437500e+03
2.838000000000000000e+03,5.947429809570312500e+02,8.381336059570312500e+02
2.839000000000000000e+03,5.616684570312500000e+02,9.654483642578125000e+02
2.840000000000000000e+03,4.683812561035156250e+02,1.182978759765625000e+03
2.841000000000000000e+03,5.943656616210937500e+02,1.232712646484375000e+03
2.842000000000000000e+03,5.958567504882812500e+02,8.094563598632812500e+02
2.843000000000000000e+03,5.796994628906250000e+02,1.668873779296875000e+03
2.844000000000000000e+03,6.105479736328125000e+02,1.829087646484375000e+03
2.845000000000000000e+03,6.119970092773437500e+02,8.561251831054687500e+02
2.846000000000000000e+03,6.352210693359375000e+02,8.512523193359375000e+02
2.847000000000000000e+03,5.991405639648437500e+02,9.454919433593750000e+02
2.848000000000000000e+03,6.257247314453125000e+02,1.258600463867187500e+03
2.849000000000000000e+03,5.974105224609375000e+02,8.107857055664062500e+02
2.850000000000000000e+03,5.481198120117187500e+02,8.364745483398437500e+02
2.851000000000000000e+03,5.300599975585937500e+02,1.594749145507812500e+03
2.852000000000000000e+03,5.882670898437500000e+02,8.665236206054687500e+02
2.853000000000000000e+03,6.606179199218750000e+02,8.138560791015625000e+02
2.854000000000000000e+03,5.589733886718750000e+02,8.106242065429687500e+02
2.855000000000000000e+03,6.436346435546875000e+02,8.056315917968750000e+02
2.856000000000000000e+03,6.164621582031250000e+02,8.372436523437500000e+02
2.857000000000000000e+03,6.157403564453125000e+02,1.408120971679687500e+03
2.858000000000000000e+03,5.995848388671875000e+02,1.827076904296875000e+03
2.859000000000000000e+03,6.177769165039062500e+02,8.103330078125000000e+02
2.860000000000000000e+03,6.012145996093750000e+02,9.426939086914062500e+02
2.861000000000000000e+03,6.003922119140625000e+02,9.509797973632812500e+02
2.862000000000000000e+03,5.519493408203125000e+02,9.517578125000000000e+02
2.863000000000000000e+03,5.320198974609375000e+02,8.327608642578125000e+02
2.864000000000000000e+03,5.801748657226562500e+02,1.062548583984375000e+03
2.865000000000000000e+03,6.047427978515625000e+02,1.136700073242187500e+03
2.866000000000000000e+03,5.721766967773437500e+02,1.032324340820312500e+03
2.867000000000000000e+03,5.375328369140625000e+02,8.316753540039062500e+02
2.868000000000000000e+03,6.171310424804687500e+02,9.229273681640625000e+02
2.869000000000000000e+03,5.646262817382812500e+02,8.069443359375000000e+02
2.870000000000000000e+03,5.585727539062500000e+02,8.199062500000000000e+02
2.871000000000000000e+03,5.635814208984375000e+02,8.093137817382812500e+02
2.872000000000000000e+03,5.881899414062500000e+02,8.533582763671875000e+02
2.873000000000000000e+03,5.717471923828125000e+02,8.163628540039062500e+02
2.874000000000000000e+03,5.981611938476562500e+02,8.316517944335937500e+02
2.875000000000000000e+03,5.446282348632812500e+02,1.069104614257812500e+03
2.876000000000000000e+03,5.704390869140625000e+02,9.007286376953125000e+02
2.877000000000000000e+03,5.672120971679687500e+02,8.541773681640625000e+02
2.878000000000000000e+03,5.776336059570312500e+02,1.140225830078125000e+03
2.879000000000000000e+03,5.924480590820312500e+02,1.074837890625000000e+03
2.880000000000000000e+03,6.095723266601562500e+02,9.383692016601562500e+02
2.881000000000000000e+03,5.781153564453125000e+02,1.086122436523437500e+03
2.882000000000000000e+03,6.028616943359375000e+02,1.196130859375000000e+03
2.883000000000000000e+03,5.326092529296875000e+02,8.927257080078125000e+02
2.884000000000000000e+03,5.819912719726562500e+02,1.331283813476562500e+03
2.885000000000000000e+03,5.688400878906250000e+02,1.302203002929687500e+03
2.886000000000000000e+03,6.378121337890625000e+02,2.113017822265625000e+03
2.887000000000000000e+03,5.952857055664062500e+02,1.174980468750000000e+03
2.888000000000000000e+03,5.197123413085937500e+02,8.417251586914062500e+02
2.889000000000000000e+03,6.185173950195312500e+02,9.544714355468750000e+02
2.890000000000000000e+03,5.835249633789062500e+02,1.277947387695312500e+03
2.891000000000000000e+03,6.482351074218750000e+02,2.807172607421875000e+03
2.892000000000000000e+03,5.909974365234375000e+02,8.042919921875000000e+02
2.893000000000000000e+03,5.857804565429687500e+02,8.442412109375000000e+02
2.894000000000000000e+03,5.635673828125000000e+02,8.344975585937500000e+02
2.895000000000000000e+03,6.033173828125000000e+02,1.577349487304687500e+03
2.896000000000000000e+03,5.706042480468750000e+02,8.048441162109375000e+02
2.897000000000000000e+03,5.579507446289062500e+02,8.650950317382812500e+02
2.898000000000000000e+03,6.036440429687500000e+02,1.153957641601562500e+03
2.899000000000000000e+03,5.695265502929687500e+02,9.248176879882812500e+02
2.900000000000000000e+03,5.649918823242187500e+02,8.047265014648437500e+02
2.901000000000000000e+03,5.220941772460937500e+02,1.806959594726562500e+03
2.902000000000000000e+03,5.854473266601562500e+02,8.279950561523437500e+02
2.903000000000000000e+03,5.744655151367187500e+02,1.186880249023437500e+03
2.904000000000000000e+03,5.697947998046875000e+02,1.695317138671875000e+03
2.905000000000000000e+03,5.976599731445312500e+02,1.323850830078125000e+03
2.906000000000000000e+03,5.601162109375000000e+02,9.182246704101562500e+02
2.907000000000000000e+03,5.335373535156250000e+02,9.356543579101562500e+02
2.908000000000000000e+03,6.055838623046875000e+02,8.234534912109375000e+02
2.909000000000000000e+03,5.657452392578125000e+02,8.510006713867187500e+02
2.910000000000000000e+03,5.992038574218750000e+02,1.757058105468750000e+03
2.911000000000000000e+03,6.144081420898437500e+02,1.032997314453125000e+03
2.912000000000000000e+03,6.063300781250000000e+02,8.487084350585937500e+02
2.913000000000000000e+03,6.317431640625000000e+02,8.333884277343750000e+02
2.914000000000000000e+03,5.783295898437500000e+02,8.308453979492187500e+02
2.915000000000000000e+03,5.908572998046875000e+02,8.170412597656250000e+02
2.916000000000000000e+03,5.842743530273437500e+02,8.458466796875000000e+02
2.917000000000000000e+03,5.859514770507812500e+02,9.577659912109375000e+02
2.918000000000000000e+03,5.455754394531250000e+02,9.133724975585937500e+02
2.919000000000000000e+03,5.532348632812500000e+02,1.658356201171875000e+03
2.920000000000000000e+03,5.306511230468750000e+02,8.432611694335937500e+02
2.921000000000000000e+03,5.831644897460937500e+02,7.999797973632812500e+02
2.922000000000000000e+03,5.781782226562500000e+02,8.658665161132812500e+02
2.923000000000000000e+03,5.769404907226562500e+02,9.690240478515625000e+02
2.924000000000000000e+03,5.804253540039062500e+02,8.044080810546875000e+02
2.925000000000000000e+03,5.515640869140625000e+02,1.317406738281250000e+03
2.926000000000000000e+03,6.607993774414062500e+02,7.989822998046875000e+02
2.927000000000000000e+03,6.053011474609375000e+02,1.053530273437500000e+03
2.928000000000000000e+03,6.723317871093750000e+02,1.180181274414062500e+03
2.929000000000000000e+03,5.785257568359375000e+02,8.833762817382812500e+02
2.930000000000000000e+03,6.057372436523437500e+02,1.714904296875000000e+03
2.931000000000000000e+03,6.861739501953125000e+02,8.227178955078125000e+02
2.932000000000000000e+03,6.168914184570312500e+02,8.278281860351562500e+02
2.933000000000000000e+03,6.127994384765625000e+02,8.085005493164062500e+02
2.934000000000000000e+03,6.126928710937500000e+02,9.464695434570312500e+02
2.935000000000000000e+03,5.052920532226562500e+02,9.204429931640625000e+02
2.936000000000000000e+03,6.043021850585937500e+02,9.417357788085937500e+02
2.937000000000000000e+03,6.081026000976562500e+02,8.010565185546875000e+02
2.938000000000000000e+03,6.013597412109375000e+02,1.782685791015625000e+03
2.939000000000000000e+03,6.320929565429687500e+02,8.057903442382812500e+02
2.940000000000000000e+03,5.578532104492187500e+02,1.064437011718750000e+03
2.941000000000000000e+03,5.657333374023437500e+02,8.210312500000000000e+02
2.942000000000000000e+03,5.477058715820312500e+02,8.120430297851562500e+02
2.943000000000000000e+03,5.641488647460937500e+02,8.079470214843750000e+02
2.944000000000000000e+03,5.571064453125000000e+02,8.272553100585937500e+02
2.945000000000000000e+03,6.063021850585937500e+02,8.233010253906250000e+02
2.946000000000000000e+03,5.314364624023437500e+02,9.487837524414062500e+02
2.947000000000000000e+03,5.978315429687500000e+02,7.966860351562500000e+02
2.948000000000000000e+03,5.817456665039062500e+02,9.572707519531250000e+02
2.949000000000000000e+03,5.814078979492187500e+02,8.938325805664062500e+02
2.950000000000000000e+03,6.089435424804687500e+02,2.125357910156250000e+03
2.951000000000000000e+03,5.781074218750000000e+02,8.870633544921875000e+02
2.952000000000000000e+03,6.011651000976562500e+02,8.156978149414062500e+02
2.953000000000000000e+03,5.443947143554687500e+02,8.120781860351562500e+02
2.954000000000000000e+03,6.016461791992187500e+02,1.066050903320312500e+03
2.955000000000000000e+03,5.831539306640625000e+02,9.181348266601562500e+02
2.956000000000000000e+03,5.592234497070312500e+02,1.205405517578125000e+03
2.957000000000000000e+03,5.897186279296875000e+02,9.020547485351562500e+02
2.958000000000000000e+03,5.901678466796875000e+02,1.118987060546875000e+03
2.959000000000000000e+03,6.216697998046875000e+02,1.014310485839843750e+03
2.960000000000000000e+03,5.355100708007812500e+02,9.567039794921875000e+02
2.961000000000000000e+03,6.085515747070312500e+02,8.625669555664062500e+02
2.962000000000000000e+03,6.124805908203125000e+02,1.027250976562500000e+03
2.963000000000000000e+03,5.733986816406250000e+02,8.789068603515625000e+02
2.964000000000000000e+03,5.515733032226562500e+02,8.370158081054687500e+02
2.965000000000000000e+03,5.863278198242187500e+02,1.240383666992187500e+03
2.966000000000000000e+03,5.834657592773437500e+02,8.071865234375000000e+02
2.967000000000000000e+03,6.313798217773437500e+02,1.224252197265625000e+03
2.968000000000000000e+03,5.969083251953125000e+02,8.155863037109375000e+02
2.969000000000000000e+03,5.408395385742187500e+02,1.433783935546875000e+03
2.970000000000000000e+03,6.015361328125000000e+02,8.803280639648437500e+02
2.971000000000000000e+03,5.821069335937500000e+02,1.048826416015625000e+03
2.972000000000000000e+03,6.272436523437500000e+02,9.560405273437500000e+02
2.973000000000000000e+03,5.182088623046875000e+02,9.922987670898437500e+02
2.974000000000000000e+03,5.637361450195312500e+02,1.164136230468750000e+03
2.975000000000000000e+03,5.679368896484375000e+02,8.017750854492187500e+02
2.976000000000000000e+03,5.207563476562500000e+02,1.048190429687500000e+03
2.977000000000000000e+03,6.165971069335937500e+02,1.275661254882812500e+03
2.978000000000000000e+03,6.508840332031250000e+02,8.070755004882812500e+02
2.979000000000000000e+03,5.482523193359375000e+02,9.516802978515625000e+02
2.980000000000000000e+03,6.588236694335937500e+02,8.014763793945312500e+02
2.981000000000000000e+03,5.708632202148437500e+02,1.313058471679687500e+03
2.982000000000000000e+03,5.917709350585937500e+02,8.707857666015625000e+02
2.983000000000000000e+03,5.284693603515625000e+02,1.198306274414062500e+03
2.984000000000000000e+03,5.903666992187500000e+02,1.060093872070312500e+03
2.985000000000000000e+03,5.781704711914062500e+02,1.099575927734375000e+03
2.986000000000000000e+03,5.679022216796875000e+02,8.813345336914062500e+02
2.987000000000000000e+03,5.650529785156250000e+02,9.920721435546875000e+02
2.988000000000000000e+03,5.736436767578125000e+02,8.314553833007812500e+02
2.989000000000000000e+03,5.996766967773437500e+02,9.445721435546875000e+02
2.990000000000000000e+03,6.023955688476562500e+02,9.403688964843750000e+02
2.991000000000000000e+03,5.894095458984375000e+02,9.322727661132812500e+02
2.992000000000000000e+03,6.218526000976562500e+02,8.320374145507812500e+02
2.993000000000000000e+03,5.902150878906250000e+02,8.292763671875000000e+02
2.994000000000000000e+03,5.800776977539062500e+02,8.098577880859375000e+02
2.995000000000000000e+03,5.505681152343750000e+02,8.916406250000000000e+02
2.996000000000000000e+03,6.352814941406250000e+02,8.512548828125000000e+02
2.997000000000000000e+03,4.788353881835937500e+02,1.082130859375000000e+03
2.998000000000000000e+03,6.530335083007812500e+02,8.085174560546875000e+02
2.999000000000000000e+03,5.794447631835937500e+02,8.030693359375000000e+02
3.000000000000000000e+03,6.120119628906250000e+02,8.448795776367187500e+02
3.001000000000000000e+03,5.640967407226562500e+02,8.228447875976562500e+02
3.002000000000000000e+03,5.288712768554687500e+02,1.759059326171875000e+03
3.003000000000000000e+03,5.836065063476562500e+02,8.518537597656250000e+02
3.004000000000000000e+03,5.524124145507812500e+02,8.082568359375000000e+02
3.005000000000000000e+03,5.784711914062500000e+02,1.007574890136718750e+03
3.006000000000000000e+03,5.892621459960937500e+02,8.104765625000000000e+02
3.007000000000000000e+03,5.511953735351562500e+02,8.161586914062500000e+02
3.008000000000000000e+03,5.891065673828125000e+02,8.073795166015625000e+02
3.009000000000000000e+03,5.637253417968750000e+02,8.095360107421875000e+02
3.010000000000000000e+03,5.591418457031250000e+02,8.551071166992187500e+02
3.011000000000000000e+03,6.170327148437500000e+02,2.092901855468750000e+03
3.012000000000000000e+03,5.746714477539062500e+02,1.102264526367187500e+03
3.013000000000000000e+03,6.148503417968750000e+02,8.395897827148437500e+02
3.014000000000000000e+03,5.302308959960937500e+02,8.103361206054687500e+02
3.015000000000000000e+03,5.668215942382812500e+02,9.074777832031250000e+02
3.016000000000000000e+03,6.289136962890625000e+02,1.039309692382812500e+03
3.017000000000000000e+03,5.871291503906250000e+02,8.321509399414062500e+02
3.018000000000000000e+03,5.834935302734375000e+02,1.306763061523437500e+03
3.019000000000000000e+03,5.967029418945312500e+02,8.082810668945312500e+02
3.020000000000000000e+03,5.687477416992187500e+02,8.830735473632812500e+02
3.021000000000000000e+03,5.096270751953125000e+02,1.021889953613281250e+03
3.022000000000000000e+03,5.146965942382812500e+02,8.934157104492187500e+02
3.023000000000000000e+03,6.094718017578125000e+02,8.892048339843750000e+02
3.024000000000000000e+03,6.490895996093750000e+02,2.531589599609375000e+03
3.025000000000000000e+03,5.568233032226562500e+02,8.162991333007812500e+02
3.026000000000000000e+03,6.382976074218750000e+02,1.046729980468750000e+03
3.027000000000000000e+03,5.670882568359375000e+02,8.092265014648437500e+02
3.028000000000000000e+03,5.928410034179687500e+02,8.083151855468750000e+02
3.029000000000000000e+03,5.284371948242187500e+02,1.311966918945312500e+03
3.030000000000000000e+03,5.730930786132812500e+02,1.758472412109375000e+03
3.031000000000000000e+03,6.078334960937500000e+02,8.104158935546875000e+02
3.032000000000000000e+03,5.675388183593750000e+02,8.083943481445312500e+02
3.033000000000000000e+03,6.049783935546875000e+02,1.341508911132812500e+03
3.034000000000000000e+03,5.396499023437500000e+02,8.661849975585937500e+02
3.035000000000000000e+03,5.487665405273437500e+02,9.779348754882812500e+02
3.036000000000000000e+03,6.149486694335937500e+02,2.069800292968750000e+03
3.037000000000000000e+03,5.961296386718750000e+02,1.640606201171875000e+03
3.038000000000000000e+03,5.943329467773437500e+02,8.206412353515625000e+02
3.039000000000000000e+03,6.036480102539062500e+02,8.109656982421875000e+02
3.040000000000000000e+03,5.430842285156250000e+02,8.785534057617187500e+02
3.041000000000000000e+03,5.435574951171875000e+02,8.647294921875000000e+02
3.042000000000000000e+03,6.005827026367187500e+02,8.533562622070312500e+02
3.043000000000000000e+03,5.398064575195312500e+02,9.069044189453125000e+02
3.044000000000000000e+03,5.825611572265625000e+02,8.473609619140625000e+02
3.045000000000000000e+03,6.309783935546875000e+02,8.061472167968750000e+02
3.046000000000000000e+03,5.924558105468750000e+02,1.011347412109375000e+03
3.047000000000000000e+03,5.525132446289062500e+02,9.121859130859375000e+02
3.048000000000000000e+03,6.388768310546875000e+02,8.339504394531250000e+02
3.049000000000000000e+03,5.504575805664062500e+02,1.046509521484375000e+03
3.050000000000000000e+03,5.687946166992187500e+02,8.123264160156250000e+02
3.051000000000000000e+03,5.511342163085937500e+02,8.137275390625000000e+02
3.052000000000000000e+03,5.247852783203125000e+02,8.623854980468750000e+02
3.053000000000000000e+03,5.488098144531250000e+02,1.090420654296875000e+03
3.054000000000000000e+03,5.564870605468750000e+02,1.633315917968750000e+03
3.055000000000000000e+03,5.817857055664062500e+02,8.962728881835937500e+02
3.056000000000000000e+03,5.877880859375000000e+02,1.014575439453125000e+03
3.057000000000000000e+03,5.750427246093750000e+02,8.223996582031250000e+02
3.058000000000000000e+03,5.808605346679687500e+02,8.509237060546875000e+02
3.059000000000000000e+03,5.878370361328125000e+02,1.127287719726562500e+03
3.060000000000000000e+03,5.655980834960937500e+02,1.009683593750000000e+03
3.061000000000000000e+03,5.253939208984375000e+02,8.761755371093750000e+02
3.062000000000000000e+03,5.832232055664062500e+02,1.407591674804687500e+03
3.063000000000000000e+03,5.297025756835937500e+02,8.647424316406250000e+02
3.064000000000000000e+03,5.424373779296875000e+02,8.153587646484375000e+02
3.065000000000000000e+03,5.515714111328125000e+02,8.770814208984375000e+02
3.066000000000000000e+03,5.508606567382812500e+02,9.091221923828125000e+02
3.067000000000000000e+03,5.612749023437500000e+02,1.174312133789062500e+03
3.068000000000000000e+03,5.482648315429687500e+02,9.535524291992187500e+02
3.069000000000000000e+03,5.955942993164062500e+02,7.956914062500000000e+02
3.070000000000000000e+03,5.490029296875000000e+02,1.335868896484375000e+03
3.071000000000000000e+03,6.010688476562500000e+02,1.070590576171875000e+03
3.072000000000000000e+03,6.585001220703125000e+02,8.792518920898437500e+02
3.073000000000000000e+03,5.715854492187500000e+02,8.947187500000000000e+02
3.074000000000000000e+03,6.253022460937500000e+02,8.000633544921875000e+02
3.075000000000000000e+03,6.251970825195312500e+02,1.225508056640625000e+03
3.076000000000000000e+03,6.325479736328125000e+02,8.030349731445312500e+02
3.077000000000000000e+03,6.148759765625000000e+02,9.761134643554687500e+02
3.078000000000000000e+03,5.997940063476562500e+02,8.141741333007812500e+02
3.079000000000000000e+03,5.555570068359375000e+02,9.095935668945312500e+02
3.080000000000000000e+03,5.468392333984375000e+02,8.347133789062500000e+02
3.081000000000000000e+03,5.365189208984375000e+02,9.425098876953125000e+02
3.082000000000000000e+03,5.603615112304687500e+02,8.078886108398437500e+02
3.083000000000000000e+03,6.274273681640625000e+02,9.819417724609375000e+02
3.084000000000000000e+03,5.623010253906250000e+02,7.947843017578125000e+02
3.085000000000000000e+03,5.779613647460937500e+02,9.070816650390625000e+02
3.086000000000000000e+03,5.507132568359375000e+02,8.356322021484375000e+02
3.087000000000000000e+03,6.248363647460937500e+02,1.677447021484375000e+03
3.088000000000000000e+03,6.112546386718750000e+02,9.657102661132812500e+02
3.089000000000000000e+03,6.470400390625000000e+02,1.571124633789062500e+03
3.090000000000000000e+03,6.065838623046875000e+02,9.758544311523437500e+02
3.091000000000000000e+03,6.201904296875000000e+02,8.469151611328125000e+02
3.092000000000000000e+03,5.400197753906250000e+02,1.425518432617187500e+03
3.093000000000000000e+03,5.860261840820312500e+02,9.595177001953125000e+02
3.094000000000000000e+03,5.988867797851562500e+02,1.115534667968750000e+03
3.095000000000000000e+03,5.263350219726562500e+02,8.403133544921875000e+02
3.096000000000000000e+03,5.946738281250000000e+02,8.830378417968750000e+02
3.097000000000000000e+03,5.858309326171875000e+02,8.831450805664062500e+02
3.098000000000000000e+03,5.266420288085937500e+02,1.760485961914062500e+03
3.099000000000000000e+03,5.237507934570312500e+02,9.310482788085937500e+02
3.100000000000000000e+03,5.373514404296875000e+02,8.109414672851562500e+02
3.101000000000000000e+03,5.849570922851562500e+02,8.003557128906250000e+02
3.102000000000000000e+03,5.996517944335937500e+02,8.973292236328125000e+02
3.103000000000000000e+03,5.480477294921875000e+02,7.973253173828125000e+02
3.104000000000000000e+03,5.610139770507812500e+02,1.056571044921875000e+03
3.105000000000000000e+03,6.162084350585937500e+02,9.251201171875000000e+02
3.106000000000000000e+03,5.519208984375000000e+02,8.538677368164062500e+02
3.107000000000000000e+03,6.235161743164062500e+02,8.029237060546875000e+02
3.108000000000000000e+03,5.358804931640625000e+02,1.408225341796875000e+03
3.109000000000000000e+03,5.783538818359375000e+02,8.863515625000000000e+02
3.110000000000000000e+03,5.582776489257812500e+02,8.359598388671875000e+02
3.111000000000000000e+03,6.795068359375000000e+02,1.034991821289062500e+03
3.112000000000000000e+03,6.127744140625000000e+02,7.973164672851562500e+02
3.113000000000000000e+03,5.750148925781250000e+02,8.124860839843750000e+02
3.114000000000000000e+03,5.943657226562500000e+02,7.999239501953125000e+02
3.115000000000000000e+03,6.129158325195312500e+02,8.546594848632812500e+02
3.116000000000000000e+03,5.822437744140625000e+02,9.831119995117187500e+02
3.117000000000000000e+03,5.760654907226562500e+02,7.992314453125000000e+02
3.118000000000000000e+03,5.485454711914062500e+02,1.788737548828125000e+03
3.119000000000000000e+03,6.072991333007812500e+02,8.302448730468750000e+02
3.120000000000000000e+03,5.754091796875000000e+02,1.028180419921875000e+03
3.121000000000000000e+03,5.347102050781250000e+02,8.682746582031250000e+02
3.122000000000000000e+03,5.864421386718750000e+02,8.837882690429687500e+02
3.123000000000000000e+03,5.946572265625000000e+02,9.992789916992187500e+02
3.124000000000000000e+03,5.493069458007812500e+02,1.464319213867187500e+03
3.125000000000000000e+03,5.365252685546875000e+02,9.465454101562500000e+02
3.126000000000000000e+03,5.638548583984375000e+02,8.237588500976562500e+02
3.127000000000000000e+03,5.816850585937500000e+02,9.625918579101562500e+02
3.128000000000000000e+03,5.591610107421875000e+02,9.547503662109375000e+02
3.129000000000000000e+03,5.673703613281250000e+02,8.487274169921875000e+02
3.130000000000000000e+03,6.418267211914062500e+02,8.501977539062500000e+02
3.131000000000000000e+03,5.724472656250000000e+02,7.949989624023437500e+02
3.132000000000000000e+03,6.388112792968750000e+02,1.311923828125000000e+03
3.133000000000000000e+03,5.654725341796875000e+02,9.744895629882812500e+02
3.134000000000000000e+03,6.140758056640625000e+02,8.131675415039062500e+02
3.135000000000000000e+03,5.990792236328125000e+02,1.016726013183593750e+03
3.136000000000000000e+03,5.994591064453125000e+02,8.027329711914062500e+02
3.137000000000000000e+03,5.385791015625000000e+02,8.089434204101562500e+02
3.138000000000000000e+03,6.033063354492187500e+02,8.055617065429687500e+02
3.139000000000000000e+03,5.793149414062500000e+02,1.637692382812500000e+03
3.140000000000000000e+03,6.515216674804687500e+02,1.416302001953125000e+03
3.141000000000000000e+03,6.647592773437500000e+02,1.273601806640625000e+03
3.142000000000000000e+03,5.741258544921875000e+02,1.294903198242187500e+03
3.143000000000000000e+03,6.327882690429687500e+02,9.778303222656250000e+02
3.144000000000000000e+03,5.376103515625000000e+02,1.580272338867187500e+03
3.145000000000000000e+03,6.032514648437500000e+02,1.372196044921875000e+03
3.146000000000000000e+03,5.931881713867187500e+02,1.158686889648437500e+03
3.147000000000000000e+03,6.448657226562500000e+02,7.960856933593750000e+02
3.148000000000000000e+03,5.602941284179687500e+02,7.981439819335937500e+02
3.149000000000000000e+03,5.073333740234375000e+02,1.008051818847656250e+03
3.150000000000000000e+03,5.911314086914062500e+02,8.226839599609375000e+02
3.151000000000000000e+03,5.629620971679687500e+02,7.991123046875000000e+02
3.152000000000000000e+03,5.389049682617187500e+02,8.459176025390625000e+02
3.153000000000000000e+03,5.026796264648437500e+02,7.992272338867187500e+02
3.154000000000000000e+03,5.314374389648437500e+02,9.682078247070312500e+02
3.155000000000000000e+03,5.676173095703125000e+02,9.862080078125000000e+02
3.156000000000000000e+03,5.662929687500000000e+02,8.402203979492187500e+02
3.157000000000000000e+03,5.491015014648437500e+02,1.328548950195312500e+03
3.158000000000000000e+03,5.145502319335937500e+02,8.457593994140625000e+02
3.159000000000000000e+03,5.758920288085937500e+02,9.778446044921875000e+02
3.160000000000000000e+03,5.789046020507812500e+02,1.986630737304687500e+03
3.161000000000000000e+03,6.057263183593750000e+02,1.021084045410156250e+03
3.162000000000000000e+03,6.376135864257812500e+02,1.064550659179687500e+03
3.163000000000000000e+03,6.446228637695312500e+02,1.442746582031250000e+03
3.164000000000000000e+03,6.678984985351562500e+02,9.551016235351562500e+02
3.165000000000000000e+03,6.736209716796875000e+02,9.143436889648437500e+02
3.166000000000000000e+03,6.050452880859375000e+02,1.554841552734375000e+03
3.167000000000000000e+03,5.798975830078125000e+02,1.446472900390625000e+03
3.168000000000000000e+03,6.038873291015625000e+02,9.174270629882812500e+02
3.169000000000000000e+03,5.784833374023437500e+02,9.095656127929687500e+02
3.170000000000000000e+03,5.439259033203125000e+02,8.233558349609375000e+02
3.171000000000000000e+03,5.645277709960937500e+02,9.427276000976562500e+02
3.172000000000000000e+03,5.953681640625000000e+02,8.934099731445312500e+02
3.173000000000000000e+03,5.658395385742187500e+02,8.326577148437500000e+02
3.174000000000000000e+03,6.007053833007812500e+02,1.214874511718750000e+03
3.175000000000000000e+03,5.846589965820312500e+02,1.045960815429687500e+03
3.176000000000000000e+03,5.949758300781250000e+02,1.813346313476562500e+03
3.177000000000000000e+03,5.490853881835937500e+02,1.263589111328125000e+03
3.178000000000000000e+03,5.608091430664062500e+02,9.190653686523437500e+02
3.179000000000000000e+03,5.771431274414062500e+02,1.074310791015625000e+03
3.180000000000000000e+03,5.564545898437500000e+02,9.172174682617187500e+02
3.181000000000000000e+03,6.344421997070312500e+02,1.452600463867187500e+03
3.182000000000000000e+03,6.372156372070312500e+02,7.928827514648437500e+02
3.183000000000000000e+03,5.692737426757812500e+02,8.040039672851562500e+02
3.184000000000000000e+03,6.671024780273437500e+02,7.953499145507812500e+02
3.185000000000000000e+03,6.077368164062500000e+02,8.908811645507812500e+02
3.186000000000000000e+03,6.103103637695312500e+02,8.847553100585937500e+02
3.187000000000000000e+03,5.754048461914062500e+02,1.500737548828125000e+03
3.188000000000000000e+03,6.331790161132812500e+02,8.778045043945312500e+02
3.189000000000000000e+03,5.925903930664062500e+02,9.709167480468750000e+02
3.190000000000000000e+03,6.183485717773437500e+02,9.691266479492187500e+02
3.191000000000000000e+03,5.491513671875000000e+02,8.571820068359375000e+02
3.192000000000000000e+03,5.973930053710937500e+02,7.982846069335937500e+02
3.193000000000000000e+03,5.731571044921875000e+02,7.987492065429687500e+02
3.194000000000000000e+03,6.256731567382812500e+02,1.291955078125000000e+03
3.195000000000000000e+03,5.374390258789062500e+02,1.286771728515625000e+03
3.196000000000000000e+03,5.392742309570312500e+02,8.857245483398437500e+02
3.197000000000000000e+03,5.846317138671875000e+02,8.119467773437500000e+02
3.198000000000000000e+03,5.824827270507812500e+02,8.937086181640625000e+02
3.199000000000000000e+03,6.305213012695312500e+02,7.974453735351562500e+02
3.200000000000000000e+03,5.915022583007812500e+02,7.979893188476562500e+02
3.201000000000000000e+03,5.472559814453125000e+02,8.725236206054687500e+02
3.202000000000000000e+03,5.495963745117187500e+02,1.012189392089843750e+03
3.203000000000000000e+03,5.827969360351562500e+02,2.862561279296875000e+03
3.204000000000000000e+03,6.233813476562500000e+02,1.043019897460937500e+03
3.205000000000000000e+03,5.459999389648437500e+02,2.328058593750000000e+03
3.206000000000000000e+03,5.486172485351562500e+02,8.917201538085937500e+02
3.207000000000000000e+03,5.898365478515625000e+02,1.098884399414062500e+03
3.208000000000000000e+03,5.605802001953125000e+02,1.361990966796875000e+03
3.209000000000000000e+03,6.521385498046875000e+02,7.923198852539062500e+02
3.210000000000000000e+03,5.889108886718750000e+02,7.924147338867187500e+02
3.211000000000000000e+03,5.729467163085937500e+02,8.933723144531250000e+02
3.212000000000000000e+03,5.751586303710937500e+02,8.981746826171875000e+02
3.213000000000000000e+03,5.737479248046875000e+02,1.020408691406250000e+03
3.214000000000000000e+03,5.633620605468750000e+02,1.014502197265625000e+03
3.215000000000000000e+03,6.207891845703125000e+02,9.984085083007812500e+02
3.216000000000000000e+03,6.276006469726562500e+02,1.720211059570312500e+03
3.217000000000000000e+03,5.915964355468750000e+02,1.405635986328125000e+03
3.218000000000000000e+03,5.652142333984375000e+02,9.254063110351562500e+02
3.219000000000000000e+03,6.195659790039062500e+02,8.842610473632812500e+02
3.220000000000000000e+03,5.721660766601562500e+02,7.994942016601562500e+02
3.221000000000000000e+03,6.182370605468750000e+02,8.122094726562500000e+02
3.222000000000000000e+03,5.393926391601562500e+02,8.222415161132812500e+02
3.223000000000000000e+03,5.844224853515625000e+02,8.242185668945312500e+02
3.224000000000000000e+03,6.254773559570312500e+02,8.013350830078125000e+02
3.225000000000000000e+03,5.720026855468750000e+02,8.218519287109375000e+02
3.226000000000000000e+03,5.602457275390625000e+02,1.219988159179687500e+03
3.227000000000000000e+03,5.723193359375000000e+02,9.060089111328125000e+02
3.228000000000000000e+03,6.540393066406250000e+02,1.533232666015625000e+03
3.229000000000000000e+03,6.660332031250000000e+02,8.098141479492187500e+02
3.230000000000000000e+03,6.002659301757812500e+02,1.038385742187500000e+03
3.231000000000000000e+03,5.960512084960937500e+02,1.573755371093750000e+03
3.232000000000000000e+03,5.815075683593750000e+02,8.076396484375000000e+02
3.233000000000000000e+03,5.755960693359375000e+02,7.916272583007812500e+02
3.234000000000000000e+03,5.927202758789062500e+02,8.834050292968750000e+02
3.235000000000000000e+03,5.723592529296875000e+02,8.052431640625000000e+02
3.236000000000000000e+03,5.531211547851562500e+02,8.109725952148437500e+02
3.237000000000000000e+03,5.537470092773437500e+02,1.124160034179687500e+03
3.238000000000000000e+03,6.414148559570312500e+02,8.521581420898437500e+02
3.239000000000000000e+03,5.736806640625000000e+02,9.570760498046875000e+02
3.240000000000000000e+03,6.626343994140625000e+02,8.512982788085937500e+02
3.241000000000000000e+03,6.107001953125000000e+02,9.027459106445312500e+02
3.242000000000000000e+03,5.431112060546875000e+02,8.059195556640625000e+02
3.243000000000000000e+03,5.254385986328125000e+02,1.052271484375000000e+03
3.244000000000000000e+03,6.022481689453125000e+02,8.237362670898437500e+02
3.245000000000000000e+03,5.581869506835937500e+02,1.285352050781250000e+03
3.246000000000000000e+03,5.899740600585937500e+02,8.963250732421875000e+02
3.247000000000000000e+03,5.876932373046875000e+02,8.923034667968750000e+02
3.248000000000000000e+03,6.124387817382812500e+02,9.702024536132812500e+02
3.249000000000000000e+03,5.985173950195312500e+02,8.074929809570312500e+02
3.250000000000000000e+03,5.874766845703125000e+02,8.095501098632812500e+02
3.251000000000000000e+03,5.823042602539062500e+02,9.515803833007812500e+02
3.252000000000000000e+03,5.770172119140625000e+02,9.965277099609375000e+02
3.253000000000000000e+03,5.668035278320312500e+02,1.928645629882812500e+03
3.254000000000000000e+03,5.639370727539062500e+02,1.283472412109375000e+03
3.255000000000000000e+03,6.114072265625000000e+02,8.329295043945312500e+02
3.256000000000000000e+03,5.660816040039062500e+02,8.057459106445312500e+02
3.257000000000000000e+03,5.610321655273437500e+02,8.350331420898437500e+02
3.258000000000000000e+03,5.928699951171875000e+02,8.030639038085937500e+02
3.259000000000000000e+03,5.548229980468750000e+02,8.653304443359375000e+02
3.260000000000000000e+03,5.843121337890625000e+02,8.146171264648437500e+02
3.261000000000000000e+03,5.556578369140625000e+02,8.063792724609375000e+02
3.262000000000000000e+03,6.155415039062500000e+02,7.982078247070312500e+02
3.263000000000000000e+03,5.698217773437500000e+02,1.062255737304687500e+03
3.264000000000000000e+03,5.592478027343750000e+02,7.940223388671875000e+02
3.265000000000000000e+03,6.048991088867187500e+02,8.132984619140625000e+02
3.266000000000000000e+03,6.304468994140625000e+02,7.966353149414062500e+02
3.267000000000000000e+03,6.245000000000000000e+02,1.104331909179687500e+03
3.268000000000000000e+03,5.829445190429687500e+02,8.134350585937500000e+02
3.269000000000000000e+03,6.121576538085937500e+02,1.157306030273437500e+03
3.270000000000000000e+03,5.543833618164062500e+02,2.243648681640625000e+03
3.271000000000000000e+03,6.514734497070312500e+02,8.081192016601562500e+02
3.272000000000000000e+03,5.856401977539062500e+02,9.105595703125000000e+02
3.273000000000000000e+03,5.778996582031250000e+02,8.929892578125000000e+02
3.274000000000000000e+03,5.642423095703125000e+02,1.810573242187500000e+03
3.275000000000000000e+03,5.599542236328125000e+02,7.986531982421875000e+02
3.276000000000000000e+03,5.689205322265625000e+02,1.178290405273437500e+03
3.277000000000000000e+03,5.699490966796875000e+02,1.412981933593750000e+03
3.278000000000000000e+03,6.152318725585937500e+02,8.885238037109375000e+02
3.279000000000000000e+03,6.027802124023437500e+02,8.024486694335937500e+02
3.280000000000000000e+03,5.413912353515625000e+02,9.094924316406250000e+02
3.281000000000000000e+03,5.820567016601562500e+02,2.591292236328125000e+03
3.282000000000000000e+03,5.357150878906250000e+02,1.596477783203125000e+03
3.283000000000000000e+03,6.164986572265625000e+02,8.315646972656250000e+02
3.284000000000000000e+03,5.679664916992187500e+02,8.149635620117187500e+02
3.285000000000000000e+03,5.452839965820312500e+02,7.998635253906250000e+02
3.286000000000000000e+03,5.833319702148437500e+02,7.995247192382812500e+02
3.287000000000000000e+03,6.086003417968750000e+02,7.986336669921875000e+02
3.288000000000000000e+03,5.588886718750000000e+02,8.984921875000000000e+02
3.289000000000000000e+03,5.319396362304687500e+02,9.133510131835937500e+02
3.290000000000000000e+03,5.508903808593750000e+02,7.936810913085937500e+02
3.291000000000000000e+03,5.286478881835937500e+02,8.079019775390625000e+02
3.292000000000000000e+03,6.092959594726562500e+02,7.906334838867187500e+02
3.293000000000000000e+03,5.596257324218750000e+02,8.259455566406250000e+02
3.294000000000000000e+03,6.244763183593750000e+02,9.632360229492187500e+02
3.295000000000000000e+03,5.922034301757812500e+02,8.660110473632812500e+02
3.296000000000000000e+03,5.714476928710937500e+02,8.011408691406250000e+02
3.297000000000000000e+03,6.129398193359375000e+02,8.011372680664062500e+02
3.298000000000000000e+03,6.178512573242187500e+02,8.132460937500000000e+02
3.299000000000000000e+03,6.059141235351562500e+02,1.521511962890625000e+03
3.300000000000000000e+03,6.067991333007812500e+02,8.166110229492187500e+02
3.301000000000000000e+03,5.635930175781250000e+02,8.129432373046875000e+02
3.302000000000000000e+03,5.781780395507812500e+02,8.199927978515625000e+02
3.303000000000000000e+03,5.644706420898437500e+02,1.173259521484375000e+03
3.304000000000000000e+03,5.739085083007812500e+02,1.200828613281250000e+03
3.305000000000000000e+03,5.650714111328125000e+02,8.865660400390625000e+02
3.306000000000000000e+03,5.955793457031250000e+02,8.157832641601562500e+02
3.307000000000000000e+03,5.980222167968750000e+02,9.461178588867187500e+02
3.308000000000000000e+03,5.753876953125000000e+02,8.013887939453125000e+02
3.309000000000000000e+03,5.697939453125000000e+02,9.796546020507812500e+02
3.310000000000000000e+03,5.218108520507812500e+02,8.087014160156250000e+02
3.311000000000000000e+03,5.255238647460937500e+02,8.535809326171875000e+02
3.312000000000000000e+03,5.705957031250000000e+02,1.357862915039062500e+03
3.313000000000000000e+03,5.987828979492187500e+02,1.050031982421875000e+03
3.314000000000000000e+03,5.555916137695312500e+02,8.509263916015625000e+02
3.315000000000000000e+03,5.606281738281250000e+02,8.267126464843750000e+02
3.316000000000000000e+03,5.334990234375000000e+02,1.183997314453125000e+03
3.317000000000000000e+03,5.745122680664062500e+02,1.441290161132812500e+03
3.318000000000000000e+03,6.115118408203125000e+02,8.501876831054687500e+02
3.319000000000000000e+03,5.389534912109375000e+02,9.457619628906250000e+02
3.320000000000000000e+03,6.339416503906250000e+02,1.043202880859375000e+03
3.321000000000000000e+03,5.864478149414062500e+02,9.995145263671875000e+02
3.322000000000000000e+03,6.325153198242187500e+02,7.955571899414062500e+02
3.323000000000000000e+03,5.938396606445312500e+02,9.543600463867187500e+02
3.324000000000000000e+03,5.777125244140625000e+02,8.524220581054687500e+02
3.325000000000000000e+03,5.559541015625000000e+02,1.075412719726562500e+03
3.326000000000000000e+03,5.351351318359375000e+02,8.094606933593750000e+02
3.327000000000000000e+03,5.482996826171875000e+02,8.497100830078125000e+02
3.328000000000000000e+03,5.278056640625000000e+02,8.906022338867187500e+02
3.329000000000000000e+03,5.875758056640625000e+02,9.454471435546875000e+02
3.330000000000000000e+03,5.916456298828125000e+02,1.081385620117187500e+03
3.331000000000000000e+03,6.487637939453125000e+02,9.426459960937500000e+02
3.332000000000000000e+03,5.795222167968750000e+02,1.649361572265625000e+03
3.333000000000000000e+03,6.309442138671875000e+02,8.033538818359375000e+02
3.334000000000000000e+03,5.452161865234375000e+02,8.020814208984375000e+02
3.335000000000000000e+03,5.958958129882812500e+02,8.640415649414062500e+02
3.336000000000000000e+03,5.314709472656250000e+02,1.253591186523437500e+03
3.337000000000000000e+03,5.601267089843750000e+02,1.657402465820312500e+03
3.338000000000000000e+03,5.305573120117187500e+02,1.745602905273437500e+03
3.339000000000000000e+03,5.570886230468750000e+02,8.261764526367187500e+02
3.340000000000000000e+03,5.986939086914062500e+02,1.322795776367187500e+03
3.341000000000000000e+03,5.702218017578125000e+02,8.026859130859375000e+02
3.342000000000000000e+03,5.054516296386718750e+02,9.398246459960937500e+02
3.343000000000000000e+03,5.552991943359375000e+02,8.414882202148437500e+02
3.344000000000000000e+03,5.600239257812500000e+02,8.711347045898437500e+02
3.345000000000000000e+03,5.475557250976562500e+02,1.652439208984375000e+03
3.346000000000000000e+03,5.269113769531250000e+02,8.011854858398437500e+02
3.347000000000000000e+03,5.520539550781250000e+02,9.393223266601562500e+02
3.348000000000000000e+03,5.831658935546875000e+02,9.419735107421875000e+02
3.349000000000000000e+03,6.063594970703125000e+02,9.713542480468750000e+02
3.350000000000000000e+03,5.668491821289062500e+02,1.015983398437500000e+03
3.351000000000000000e+03,5.411778564453125000e+02,8.152755126953125000e+02
3.352000000000000000e+03,5.977122192382812500e+02,7.928020629882812500e+02
3.353000000000000000e+03,5.848545532226562500e+02,8.039431152343750000e+02
3.354000000000000000e+03,5.527307739257812500e+02,8.067711181640625000e+02
3.355000000000000000e+03,5.781744384765625000e+02,7.928779296875000000e+02
3.356000000000000000e+03,5.368297119140625000e+02,9.445405273437500000e+02
3.357000000000000000e+03,5.978677368164062500e+02,7.941776123046875000e+02
3.358000000000000000e+03,5.832888183593750000e+02,8.270263671875000000e+02
3.359000000000000000e+03,5.999162597656250000e+02,8.797263183593750000e+02
3.360000000000000000e+03,5.418664550781250000e+02,2.136899414062500000e+03
3.361000000000000000e+03,6.363041381835937500e+02,7.909309692382812500e+02
3.362000000000000000e+03,5.717455444335937500e+02,2.209385009765625000e+03
3.363000000000000000e+03,5.895814819335937500e+02,9.292160644531250000e+02
3.364000000000000000e+03,5.976713867187500000e+02,8.279648437500000000e+02
3.365000000000000000e+03,5.506213378906250000e+02,9.092485961914062500e+02
3.366000000000000000e+03,5.700673828125000000e+02,1.118555053710937500e+03
3.367000000000000000e+03,5.679212646484375000e+02,8.496136474609375000e+02
3.368000000000000000e+03,6.214443969726562500e+02,1.651057983398437500e+03
3.369000000000000000e+03,5.459191894531250000e+02,7.959307250976562500e+02
3.370000000000000000e+03,5.118156127929687500e+02,8.093906860351562500e+02
3.371000000000000000e+03,5.579046020507812500e+02,9.002874755859375000e+02
3.372000000000000000e+03,5.466099853515625000e+02,7.939453125000000000e+02
3.373000000000000000e+03,5.466561889648437500e+02,8.354692993164062500e+02
3.374000000000000000e+03,5.777388916015625000e+02,9.376579589843750000e+02
3.375000000000000000e+03,5.711444702148437500e+02,9.445053710937500000e+02
3.376000000000000000e+03,5.839517211914062500e+02,8.128717041015625000e+02
3.377000000000000000e+03,5.873866577148437500e+02,1.017177978515625000e+03
3.378000000000000000e+03,5.917277221679687500e+02,8.322031860351562500e+02
3.379000000000000000e+03,5.899807128906250000e+02,1.273686645507812500e+03
3.380000000000000000e+03,5.813568725585937500e+02,7.962779541015625000e+02
3.381000000000000000e+03,5.972504272460937500e+02,7.977093505859375000e+02
3.382000000000000000e+03,5.410793457031250000e+02,9.007390747070312500e+02
3.383000000000000000e+03,5.806247558593750000e+02,8.591500854492187500e+02
3.384000000000000000e+03,5.864083862304687500e+02,9.109389038085937500e+02
3.385000000000000000e+03,5.727460327148437500e+02,8.105818481445312500e+02
3.386000000000000000e+03,6.168013916015625000e+02,7.902811889648437500e+02
3.387000000000000000e+03,6.014961547851562500e+02,8.113215942382812500e+02
3.388000000000000000e+03,5.798887939453125000e+02,7.949835205078125000e+02
3.389000000000000000e+03,5.694818725585937500e+02,8.133328247070312500e+02
3.390000000000000000e+03,6.134206542968750000e+02,7.920354003906250000e+02
3.391000000000000000e+03,5.203908691406250000e+02,1.173293579101562500e+03
3.392000000000000000e+03,5.677548828125000000e+02,1.749842163085937500e+03
3.393000000000000000e+03,5.722686767578125000e+02,1.215389526367187500e+03
3.394000000000000000e+03,5.566085205078125000e+02,8.877582397460937500e+02
3.395000000000000000e+03,5.975513916015625000e+02,8.237129516601562500e+02
3.396000000000000000e+03,5.666432495117187500e+02,1.026557006835937500e+03
3.397000000000000000e+03,6.098694458007812500e+02,8.839412231445312500e+02
3.398000000000000000e+03,5.668334350585937500e+02,1.048015625000000000e+03
3.399000000000000000e+03,5.252247314453125000e+02,7.931322631835937500e+02
3.400000000000000000e+03,5.083658447265625000e+02,7.920049438476562500e+02
3.401000000000000000e+03,6.334306030273437500e+02,1.062989501953125000e+03
3.402000000000000000e+03,5.563467407226562500e+02,1.907990966796875000e+03
3.403000000000000000e+03,6.133775024414062500e+02,7.919741210937500000e+02
3.404000000000000000e+03,5.853140869140625000e+02,8.816581420898437500e+02
3.405000000000000000e+03,6.489524536132812500e+02,8.038378295898437500e+02
3.406000000000000000e+03,5.340354003906250000e+02,1.299612060546875000e+03
3.407000000000000000e+03,5.311007690429687500e+02,1.391339599609375000e+03
3.408000000000000000e+03,5.779039916992187500e+02,8.321537475585937500e+02
3.409000000000000000e+03,6.086697998046875000e+02,7.972496337890625000e+02
3.410000000000000000e+03,5.926025390625000000e+02,8.195553588867187500e+02
3.411000000000000000e+03,6.007088012695312500e+02,8.796099243164062500e+02
3.412000000000000000e+03,5.743168334960937500e+02,1.246244628906250000e+03
3.413000000000000000e+03,5.821926879882812500e+02,7.916694335937500000e+02
3.414000000000000000e+03,5.256624755859375000e+02,8.058549194335937500e+02
3.415000000000000000e+03,5.847507324218750000e+02,1.046361938476562500e+03
3.416000000000000000e+03,5.744349365234375000e+02,7.887504272460937500e+02
3.417000000000000000e+03,6.145009155273437500e+02,8.917194213867187500e+02
3.418000000000000000e+03,5.780945434570312500e+02,7.909909667968750000e+02
3.419000000000000000e+03,5.666950073242187500e+02,1.278635009765625000e+03
3.420000000000000000e+03,5.937409667968750000e+02,9.861040649414062500e+02
3.421000000000000000e+03,5.804898071289062500e+02,1.436438964843750000e+03
3.422000000000000000e+03,5.989869384765625000e+02,8.043207397460937500e+02
3.423000000000000000e+03,6.116177368164062500e+02,8.865928955078125000e+02
3.424000000000000000e+03,6.122402954101562500e+02,8.193741455078125000e+02
3.425000000000000000e+03,6.110142822265625000e+02,8.266738891601562500e+02
3.426000000000000000e+03,5.377209472656250000e+02,8.131210937500000000e+02
3.427000000000000000e+03,6.095652465820312500e+02,1.048692871093750000e+03
3.428000000000000000e+03,5.486721191406250000e+02,7.866003417968750000e+02
3.429000000000000000e+03,5.749181518554687500e+02,8.638957519531250000e+02
3.430000000000000000e+03,5.280020751953125000e+02,9.999863891601562500e+02
3.431000000000000000e+03,5.820037841796875000e+02,8.166851806640625000e+02
3.432000000000000000e+03,5.352085571289062500e+02,8.778376464843750000e+02
3.433000000000000000e+03,6.288311157226562500e+02,1.161707885742187500e+03
3.434000000000000000e+03,5.264547729492187500e+02,1.999973632812500000e+03
3.435000000000000000e+03,5.548800659179687500e+02,7.845843505859375000e+02
3.436000000000000000e+03,5.548884887695312500e+02,8.065333251953125000e+02
3.437000000000000000e+03,5.461932373046875000e+02,9.786923828125000000e+02
3.438000000000000000e+03,5.933969726562500000e+02,9.781033935546875000e+02
3.439000000000000000e+03,6.701130981445312500e+02,8.136490478515625000e+02
3.440000000000000000e+03,5.905944824218750000e+02,8.165635375976562500e+02
3.441000000000000000e+03,6.109345703125000000e+02,7.941866455078125000e+02
3.442000000000000000e+03,6.860403442382812500e+02,1.208838134765625000e+03
3.443000000000000000e+03,6.175625000000000000e+02,8.988530273437500000e+02
3.444000000000000000e+03,5.903286132812500000e+02,1.001429260253906250e+03
3.445000000000000000e+03,5.483252563476562500e+02,8.270787963867187500e+02
3.446000000000000000e+03,5.881085815429687500e+02,1.051978759765625000e+03
3.447000000000000000e+03,5.758905029296875000e+02,7.889043579101562500e+02
3.448000000000000000e+03,5.929151611328125000e+02,8.482742309570312500e+02
3.449000000000000000e+03,6.185791625976562500e+02,1.100436157226562500e+03
3.450000000000000000e+03,5.595685424804687500e+02,2.799289306640625000e+03
3.451000000000000000e+03,6.821304321289062500e+02,1.020305236816406250e+03
3.452000000000000000e+03,5.911080322265625000e+02,1.054850830078125000e+03
3.453000000000000000e+03,5.685033569335937500e+02,8.839934082031250000e+02
3.454000000000000000e+03,5.856675415039062500e+02,1.127676879882812500e+03
3.455000000000000000e+03,6.292899780273437500e+02,8.392680664062500000e+02
3.456000000000000000e+03,5.894273681640625000e+02,8.858084106445312500e+02
3.457000000000000000e+03,5.557084960937500000e+02,8.689090576171875000e+02
3.458000000000000000e+03,5.973022460937500000e+02,8.453904418945312500e+02
3.459000000000000000e+03,5.767527465820312500e+02,7.885853881835937500e+02
3.460000000000000000e+03,5.754443359375000000e+02,8.645656127929687500e+02
3.461000000000000000e+03,5.251970214843750000e+02,8.289656372070312500e+02
3.462000000000000000e+03,6.066981201171875000e+02,1.027269287109375000e+03
3.463000000000000000e+03,6.307057495117187500e+02,9.744421997070312500e+02
3.464000000000000000e+03,5.954221191406250000e+02,9.275232543945312500e+02
3.465000000000000000e+03,6.639221801757812500e+02,8.152005004882812500e+02
3.466000000000000000e+03,5.810591430664062500e+02,2.077727050781250000e+03
3.467000000000000000e+03,6.434827270507812500e+02,7.905703735351562500e+02
3.468000000000000000e+03,6.004537353515625000e+02,7.992098999023437500e+02
3.469000000000000000e+03,5.699771728515625000e+02,1.459654174804687500e+03
3.470000000000000000e+03,5.811598510742187500e+02,1.134582641601562500e+03
3.471000000000000000e+03,5.757124023437500000e+02,9.462274169921875000e+02
3.472000000000000000e+03,5.751181640625000000e+02,9.306523437500000000e+02
3.473000000000000000e+03,5.751428833007812500e+02,8.908947753906250000e+02
3.474000000000000000e+03,6.258716430664062500e+02,7.860460205078125000e+02
3.475000000000000000e+03,6.450450439453125000e+02,7.950319213867187500e+02
3.476000000000000000e+03,5.993690185546875000e+02,1.094387451171875000e+03
3.477000000000000000e+03,5.909226684570312500e+02,9.338400268554687500e+02
3.478000000000000000e+03,6.027680053710937500e+02,8.819133911132812500e+02
3.479000000000000000e+03,5.648016967773437500e+02,1.419448974609375000e+03
3.480000000000000000e+03,6.323168334960937500e+02,1.044126831054687500e+03
3.481000000000000000e+03,6.054887084960937500e+02,1.834937133789062500e+03
3.482000000000000000e+03,6.370957641601562500e+02,2.222541015625000000e+03
3.483000000000000000e+03,6.099971923828125000e+02,8.543153686523437500e+02
3.484000000000000000e+03,6.564209594726562500e+02,7.906673583984375000e+02
3.485000000000000000e+03,5.169992675781250000e+02,1.271155151367187500e+03
3.486000000000000000e+03,5.915622558593750000e+02,9.434524536132812500e+02
3.487000000000000000e+03,5.947166748046875000e+02,1.046051879882812500e+03
3.488000000000000000e+03,5.553374633789062500e+02,1.354523803710937500e+03
3.489000000000000000e+03,5.900905761718750000e+02,8.325489501953125000e+02
3.490000000000000000e+03,5.633247070312500000e+02,1.063494750976562500e+03
3.491000000000000000e+03,5.713331298828125000e+02,1.002104675292968750e+03
3.492000000000000000e+03,5.646103515625000000e+02,1.037301269531250000e+03
3.493000000000000000e+03,4.894049987792968750e+02,8.522020874023437500e+02
3.494000000000000000e+03,5.417501831054687500e+02,7.933912963867187500e+02
3.495000000000000000e+03,5.983728027343750000e+02,1.014805908203125000e+03
3.496000000000000000e+03,5.627875976562500000e+02,1.120265502929687500e+03
3.497000000000000000e+03,5.581750488281250000e+02,7.897388916015625000e+02
3.498000000000000000e+03,5.454540405273437500e+02,1.349654418945312500e+03
3.499000000000000000e+03,5.487377319335937500e+02,9.234525756835937500e+02
3.500000000000000000e+03,5.417111206054687500e+02,8.719551391601562500e+02
3.501000000000000000e+03,5.929204711914062500e+02,8.240469360351562500e+02
3.502000000000000000e+03,5.662335815429687500e+02,8.387358398437500000e+02
3.503000000000000000e+03,5.768065795898437500e+02,9.912954101562500000e+02
3.504000000000000000e+03,5.220317993164062500e+02,7.888369750976562500e+02
3.505000000000000000e+03,5.906707763671875000e+02,8.702126464843750000e+02
3.506000000000000000e+03,5.477925415039062500e+02,9.281291503906250000e+02
3.507000000000000000e+03,6.788732910156250000e+02,1.456010620117187500e+03
3.508000000000000000e+03,5.908947753906250000e+02,8.192514648437500000e+02
3.509000000000000000e+03,5.667229003906250000e+02,7.937888793945312500e+02
3.510000000000000000e+03,5.448635253906250000e+02,8.859629516601562500e+02
3.511000000000000000e+03,5.572393798828125000e+02,1.003397155761718750e+03
3.512000000000000000e+03,5.786672363281250000e+02,1.039057128906250000e+03
3.513000000000000000e+03,5.645493774414062500e+02,7.906833496093750000e+02
3.514000000000000000e+03,6.202968750000000000e+02,9.105244140625000000e+02
3.515000000000000000e+03,5.162717895507812500e+02,9.106957397460937500e+02
3.516000000000000000e+03,6.160634155273437500e+02,7.991900024414062500e+02
3.517000000000000000e+03,5.212011718750000000e+02,9.615102539062500000e+02
3.518000000000000000e+03,5.911069335937500000e+02,8.915355834960937500e+02
3.519000000000000000e+03,5.518522949218750000e+02,8.458316650390625000e+02
3.520000000000000000e+03,5.594045410156250000e+02,9.509930419921875000e+02
3.521000000000000000e+03,5.097389221191406250e+02,1.983494750976562500e+03
3.522000000000000000e+03,5.781823730468750000e+02,8.780380249023437500e+02
3.523000000000000000e+03,5.481504516601562500e+02,1.843678100585937500e+03
3.524000000000000000e+03,5.703082275390625000e+02,7.928377685546875000e+02
3.525000000000000000e+03,5.786055908203125000e+02,1.301419067382812500e+03
3.526000000000000000e+03,5.845428466796875000e+02,1.293214965820312500e+03
3.527000000000000000e+03,6.338883666992187500e+02,9.483850097656250000e+02
3.528000000000000000e+03,6.226440429687500000e+02,9.655350952148437500e+02
3.529000000000000000e+03,5.934963378906250000e+02,8.744907836914062500e+02
3.530000000000000000e+03,6.137836914062500000e+02,1.051209960937500000e+03
3.531000000000000000e+03,6.298135375976562500e+02,9.600151977539062500e+02
3.532000000000000000e+03,5.500532836914062500e+02,8.419375000000000000e+02
3.533000000000000000e+03,5.932686157226562500e+02,9.762633666992187500e+02
3.534000000000000000e+03,5.431520385742187500e+02,1.360321166992187500e+03
3.535000000000000000e+03,5.465571289062500000e+02,8.430997314453125000e+02
3.536000000000000000e+03,5.796268920898437500e+02,8.162307128906250000e+02
3.537000000000000000e+03,5.558226928710937500e+02,8.711093750000000000e+02
3.538000000000000000e+03,5.430743408203125000e+02,7.945637817382812500e+02
3.539000000000000000e+03,5.170919799804687500e+02,9.904581298828125000e+02
3.540000000000000000e+03,5.524087524414062500e+02,8.012182006835937500e+02
3.541000000000000000e+03,6.331727905273437500e+02,1.441016967773437500e+03
3.542000000000000000e+03,5.980037841796875000e+02,1.190954467773437500e+03
3.543000000000000000e+03,6.213161010742187500e+02,9.332435913085937500e+02
3.544000000000000000e+03,5.826420898437500000e+02,1.065656250000000000e+03
3.545000000000000000e+03,5.810075073242187500e+02,1.286316894531250000e+03
3.546000000000000000e+03,5.487101440429687500e+02,8.001568603515625000e+02
3.547000000000000000e+03,5.431105957031250000e+02,9.572576293945312500e+02
3.548000000000000000e+03,5.272699584960937500e+02,8.016022338867187500e+02
3.549000000000000000e+03,5.427288818359375000e+02,8.069453125000000000e+02
3.550000000000000000e+03,5.644998168945312500e+02,8.179346313476562500e+02
3.551000000000000000e+03,4.876951599121093750e+02,8.783754272460937500e+02
3.552000000000000000e+03,5.535093383789062500e+02,9.088034057617187500e+02
3.553000000000000000e+03,5.774382324218750000e+02,8.065263061523437500e+02
3.554000000000000000e+03,6.273137207031250000e+02,1.980057617187500000e+03
3.555000000000000000e+03,6.209171752929687500e+02,8.674557495117187500e+02
3.556000000000000000e+03,6.341824951171875000e+02,7.983928222656250000e+02
3.557000000000000000e+03,5.940298461914062500e+02,1.098526855468750000e+03
3.558000000000000000e+03,5.571173095703125000e+02,7.852310791015625000e+02
3.559000000000000000e+03,6.181550292968750000e+02,1.170011596679687500e+03
3.560000000000000000e+03,5.637275390625000000e+02,8.221383056640625000e+02
3.561000000000000000e+03,5.813388671875000000e+02,8.209389648437500000e+02
3.562000000000000000e+03,4.855521850585937500e+02,8.148071289062500000e+02
3.563000000000000000e+03,5.107091979980468750e+02,1.142628417968750000e+03
3.564000000000000000e+03,5.450238647460937500e+02,8.998906860351562500e+02
3.565000000000000000e+03,5.842429199218750000e+02,9.592185668945312500e+02
3.566000000000000000e+03,6.063204345703125000e+02,8.149589233398437500e+02
3.567000000000000000e+03,5.893838500976562500e+02,1.086482543945312500e+03
3.568000000000000000e+03,6.409002685546875000e+02,7.866317749023437500e+02
3.569000000000000000e+03,5.691737060546875000e+02,8.302762451171875000e+02
3.570000000000000000e+03,5.775825805664062500e+02,8.706192016601562500e+02
3.571000000000000000e+03,5.820238037109375000e+02,2.117803955078125000e+03
3.572000000000000000e+03,5.459552612304687500e+02,8.086932373046875000e+02
3.573000000000000000e+03,5.949061279296875000e+02,8.023221435546875000e+02
3.574000000000000000e+03,6.185610961914062500e+02,9.623488769531250000e+02
3.575000000000000000e+03,6.003517456054687500e+02,7.890620727539062500e+02
3.576000000000000000e+03,6.001953735351562500e+02,9.685418701171875000e+02
3.577000000000000000e+03,5.570739135742187500e+02,1.223265747070312500e+03
3.578000000000000000e+03,5.904926147460937500e+02,7.861484375000000000e+02
3.579000000000000000e+03,5.486223754882812500e+02,1.791303466796875000e+03
3.580000000000000000e+03,6.209498291015625000e+02,8.025476684570312500e+02
3.581000000000000000e+03,5.468056030273437500e+02,8.454128417968750000e+02
3.582000000000000000e+03,5.725043334960937500e+02,8.013032226562500000e+02
3.583000000000000000e+03,5.197917480468750000e+02,9.077669067382812500e+02
3.584000000000000000e+03,5.900699462890625000e+02,9.141605224609375000e+02
3.585000000000000000e+03,5.643165283203125000e+02,1.411703002929687500e+03
3.586000000000000000e+03,6.617849121093750000e+02,8.613717651367187500e+02
3.587000000000000000e+03,5.663334350585937500e+02,7.845655517578125000e+02
3.588000000000000000e+03,5.873603515625000000e+02,8.194483642578125000e+02
3.589000000000000000e+03,5.756818237304687500e+02,8.718820190429687500e+02
3.590000000000000000e+03,5.811821899414062500e+02,9.852631835937500000e+02
3.591000000000000000e+03,5.426716308593750000e+02,8.274681396484375000e+02
3.592000000000000000e+03,5.354132080078125000e+02,1.130989990234375000e+03
3.593000000000000000e+03,5.821521606445312500e+02,7.842452392578125000e+02
3.594000000000000000e+03,5.805513305664062500e+02,7.921636352539062500e+02
3.595000000000000000e+03,5.656406860351562500e+02,8.097378540039062500e+02
3.596000000000000000e+03,5.840645751953125000e+02,1.529011108398437500e+03
3.597000000000000000e+03,6.310587158203125000e+02,1.317154663085937500e+03
3.598000000000000000e+03,5.672614135742187500e+02,7.834605102539062500e+02
3.599000000000000000e+03,5.952832641601562500e+02,1.767263671875000000e+03
3.600000000000000000e+03,5.921849975585937500e+02,1.039777343750000000e+03
3.601000000000000000e+03,5.877778320312500000e+02,1.150565917968750000e+03
3.602000000000000000e+03,6.144042358398437500e+02,7.916636962890625000e+02
3.603000000000000000e+03,5.987464599609375000e+02,1.397341552734375000e+03
3.604000000000000000e+03,5.802758789062500000e+02,8.027913818359375000e+02
3.605000000000000000e+03,5.122140502929687500e+02,1.179446411132812500e+03
3.606000000000000000e+03,5.914072265625000000e+02,1.271333251953125000e+03
3.607000000000000000e+03,5.494166259765625000e+02,8.552138061523437500e+02
3.608000000000000000e+03,5.845393676757812500e+02,7.979215087890625000e+02
3.609000000000000000e+03,5.693854370117187500e+02,7.920440063476562500e+02
3.610000000000000000e+03,5.788494262695312500e+02,8.001998291015625000e+02
3.611000000000000000e+03,5.146389770507812500e+02,1.076129516601562500e+03
3.612000000000000000e+03,5.935618286132812500e+02,8.469704589843750000e+02
3.613000000000000000e+03,6.675899047851562500e+02,1.261835571289062500e+03
3.614000000000000000e+03,6.146491088867187500e+02,8.497491455078125000e+02
3.615000000000000000e+03,5.957846069335937500e+02,1.168289916992187500e+03
3.616000000000000000e+03,6.083391113281250000e+02,7.877931518554687500e+02
3.617000000000000000e+03,5.605983276367187500e+02,9.089500122070312500e+02
3.618000000000000000e+03,5.212587890625000000e+02,8.090867309570312500e+02
3.619000000000000000e+03,5.790639648437500000e+02,1.044646240234375000e+03
3.620000000000000000e+03,5.588414916992187500e+02,8.199942016601562500e+02
3.621000000000000000e+03,6.020204467773437500e+02,1.304024169921875000e+03
3.622000000000000000e+03,5.628411254882812500e+02,7.982364501953125000e+02
3.623000000000000000e+03,5.567924194335937500e+02,8.233886108398437500e+02
3.624000000000000000e+03,5.348638916015625000e+02,8.996339111328125000e+02
3.625000000000000000e+03,5.039680480957031250e+02,8.191102294921875000e+02
3.626000000000000000e+03,5.426893920898437500e+02,7.924919433593750000e+02
3.627000000000000000e+03,5.880335083007812500e+02,7.885753173828125000e+02
3.628000000000000000e+03,5.544907226562500000e+02,1.794387817382812500e+03
3.629000000000000000e+03,5.910804443359375000e+02,1.619832763671875000e+03
3.630000000000000000e+03,5.772257080078125000e+02,1.504521240234375000e+03
3.631000000000000000e+03,5.656804809570312500e+02,7.840106201171875000e+02
3.632000000000000000e+03,5.953847045898437500e+02,1.030219726562500000e+03
3.633000000000000000e+03,5.757629394531250000e+02,9.137654418945312500e+02
3.634000000000000000e+03,5.633460083007812500e+02,1.518907836914062500e+03
3.635000000000000000e+03,5.854768676757812500e+02,8.276331787109375000e+02
3.636000000000000000e+03,5.668139038085937500e+02,7.845994873046875000e+02
3.637000000000000000e+03,5.726468505859375000e+02,1.541292358398437500e+03
3.638000000000000000e+03,5.719602661132812500e+02,7.851044921875000000e+02
3.639000000000000000e+03,6.352032470703125000e+02,7.916815185546875000e+02
3.640000000000000000e+03,5.512108764648437500e+02,9.101504516601562500e+02
3.641000000000000000e+03,5.736506958007812500e+02,8.115859375000000000e+02
3.642000000000000000e+03,5.468134765625000000e+02,9.177010498046875000e+02
3.643000000000000000e+03,5.411866455078125000e+02,1.139857177734375000e+03
3.644000000000000000e+03,6.005817260742187500e+02,8.326154785156250000e+02
3.645000000000000000e+03,5.693148193359375000e+02,9.132970581054687500e+02
3.646000000000000000e+03,5.384315185546875000e+02,7.841435546875000000e+02
3.647000000000000000e+03,5.379581298828125000e+02,9.069373168945312500e+02
3.648000000000000000e+03,5.649691162109375000e+02,7.810631713867187500e+02
3.649000000000000000e+03,5.249526367187500000e+02,8.641748046875000000e+02
3.650000000000000000e+03,5.535863647460937500e+02,1.054259521484375000e+03
3.651000000000000000e+03,5.663334350585937500e+02,8.514328002929687500e+02
3.652000000000000000e+03,6.050184936523437500e+02,1.365295166015625000e+03
3.653000000000000000e+03,5.634715576171875000e+02,9.552469482421875000e+02
3.654000000000000000e+03,6.272636718750000000e+02,7.859921264648437500e+02
3.655000000000000000e+03,5.402789916992187500e+02,7.852327270507812500e+02
3.656000000000000000e+03,5.763599243164062500e+02,7.885388183593750000e+02
3.657000000000000000e+03,5.959822998046875000e+02,8.713447875976562500e+02
3.658000000000000000e+03,5.282628784179687500e+02,7.898198852539062500e+02
3.659000000000000000e+03,6.125646362304687500e+02,8.937117919921875000e+02
3.660000000000000000e+03,5.922310791015625000e+02,9.832412109375000000e+02
3.661000000000000000e+03,5.528161010742187500e+02,1.129092895507812500e+03
3.662000000000000000e+03,5.591106567382812500e+02,8.046828002929687500e+02
3.663000000000000000e+03,5.249628906250000000e+02,8.974419555664062500e+02
3.664000000000000000e+03,5.520783081054687500e+02,8.421893310546875000e+02
3.665000000000000000e+03,6.440020751953125000e+02,8.390986938476562500e+02
3.666000000000000000e+03,5.852357788085937500e+02,7.857248535156250000e+02
3.667000000000000000e+03,5.632155151367187500e+02,7.999303588867187500e+02
3.668000000000000000e+03,6.045261230468750000e+02,9.173661499023437500e+02
3.669000000000000000e+03,5.881941528320312500e+02,8.244317016601562500e+02
3.670000000000000000e+03,5.126621704101562500e+02,7.950241088867187500e+02
3.671000000000000000e+03,5.732319946289062500e+02,8.158464355468750000e+02
3.672000000000000000e+03,5.729623413085937500e+02,7.822423706054687500e+02
3.673000000000000000e+03,5.701101684570312500e+02,7.865002441406250000e+02
3.674000000000000000e+03,5.966494140625000000e+02,8.914079589843750000e+02
3.675000000000000000e+03,5.653548583984375000e+02,8.991589355468750000e+02
3.676000000000000000e+03,5.176567382812500000e+02,8.062822265625000000e+02
3.677000000000000000e+03,5.797905883789062500e+02,1.294618530273437500e+03
3.678000000000000000e+03,6.035843505859375000e+02,9.081907958984375000e+02
3.679000000000000000e+03,5.661278076171875000e+02,8.274259643554687500e+02
3.680000000000000000e+03,5.452830810546875000e+02,7.782329711914062500e+02
3.681000000000000000e+03,5.824790649414062500e+02,1.049715332031250000e+03
3.682000000000000000e+03,6.182763671875000000e+02,1.278418823242187500e+03
3.683000000000000000e+03,6.047410888671875000e+02,1.114612182617187500e+03
3.684000000000000000e+03,5.747524414062500000e+02,8.677409057617187500e+02
3.685000000000000000e+03,6.004660644531250000e+02,1.393157592773437500e+03
3.686000000000000000e+03,6.035319824218750000e+02,9.634832763671875000e+02
3.687000000000000000e+03,5.325131835937500000e+02,8.422846069335937500e+02
3.688000000000000000e+03,5.722025756835937500e+02,7.930872192382812500e+02
3.689000000000000000e+03,5.326634521484375000e+02,8.027919921875000000e+02
3.690000000000000000e+03,5.352531738281250000e+02,1.125021118164062500e+03
3.691000000000000000e+03,5.882720947265625000e+02,8.291743774414062500e+02
3.692000000000000000e+03,6.286549682617187500e+02,1.787508178710937500e+03
3.693000000000000000e+03,5.893518676757812500e+02,1.008123596191406250e+03
3.694000000000000000e+03,5.979551391601562500e+02,1.185719726562500000e+03
3.695000000000000000e+03,6.438845825195312500e+02,9.536182861328125000e+02
3.696000000000000000e+03,5.557958984375000000e+02,8.830565185546875000e+02
3.697000000000000000e+03,5.654783325195312500e+02,7.850336914062500000e+02
3.698000000000000000e+03,5.987806396484375000e+02,9.434459838867187500e+02
3.699000000000000000e+03,5.970552978515625000e+02,8.057557983398437500e+02
3.700000000000000000e+03,6.126979370117187500e+02,1.093214355468750000e+03
3.701000000000000000e+03,6.263848266601562500e+02,7.853120727539062500e+02
3.702000000000000000e+03,5.680549926757812500e+02,7.842234497070312500e+02
3.703000000000000000e+03,5.648243408203125000e+02,1.328988403320312500e+03
3.704000000000000000e+03,6.122554931640625000e+02,7.836492919921875000e+02
3.705000000000000000e+03,6.181657104492187500e+02,7.937028808593750000e+02
3.706000000000000000e+03,6.181184692382812500e+02,7.874771728515625000e+02
3.707000000000000000e+03,5.795371093750000000e+02,1.339931884765625000e+03
3.708000000000000000e+03,5.523303833007812500e+02,1.425406250000000000e+03
3.709000000000000000e+03,5.264207153320312500e+02,8.324932250976562500e+02
3.710000000000000000e+03,5.526410522460937500e+02,1.358106323242187500e+03
3.711000000000000000e+03,6.091134643554687500e+02,8.286307983398437500e+02
3.712000000000000000e+03,5.883038940429687500e+02,8.717257080078125000e+02
3.713000000000000000e+03,5.106565856933593750e+02,9.923298339843750000e+02
3.714000000000000000e+03,5.999761962890625000e+02,9.676869506835937500e+02
3.715000000000000000e+03,5.674030151367187500e+02,7.876602172851562500e+02
3.716000000000000000e+03,5.598511352539062500e+02,1.593301025390625000e+03
3.717000000000000000e+03,5.993681030273437500e+02,8.235336914062500000e+02
3.718000000000000000e+03,5.971610107421875000e+02,8.139124145507812500e+02
3.719000000000000000e+03,5.372074584960937500e+02,1.243320312500000000e+03
3.720000000000000000e+03,5.580723876953125000e+02,7.828281860351562500e+02
3.721000000000000000e+03,5.828270263671875000e+02,8.156050415039062500e+02
3.722000000000000000e+03,5.615328979492187500e+02,1.051031127929687500e+03
3.723000000000000000e+03,5.175410766601562500e+02,1.187043457031250000e+03
3.724000000000000000e+03,5.368930053710937500e+02,9.900997314453125000e+02
3.725000000000000000e+03,5.647760009765625000e+02,9.352362060546875000e+02
3.726000000000000000e+03,6.223382568359375000e+02,2.289575927734375000e+03
3.727000000000000000e+03,6.713813476562500000e+02,1.111189819335937500e+03
3.728000000000000000e+03,5.509963378906250000e+02,8.749066772460937500e+02
3.729000000000000000e+03,5.887429199218750000e+02,9.606522827148437500e+02
3.730000000000000000e+03,6.255407714843750000e+02,7.786896972656250000e+02
3.731000000000000000e+03,5.750504150390625000e+02,7.866677856445312500e+02
3.732000000000000000e+03,5.807697753906250000e+02,9.280209960937500000e+02
3.733000000000000000e+03,5.963516845703125000e+02,9.525664062500000000e+02
3.734000000000000000e+03,6.180313720703125000e+02,8.822590942382812500e+02
3.735000000000000000e+03,5.709910888671875000e+02,7.845715942382812500e+02
3.736000000000000000e+03,5.488027343750000000e+02,1.565887207031250000e+03
3.737000000000000000e+03,6.128742065429687500e+02,8.666129150390625000e+02
3.738000000000000000e+03,5.914537353515625000e+02,2.608997314453125000e+03
3.739000000000000000e+03,6.012507324218750000e+02,1.031142578125000000e+03
3.740000000000000000e+03,5.608904418945312500e+02,8.123400268554687500e+02
3.741000000000000000e+03,5.515554199218750000e+02,9.791994018554687500e+02
3.742000000000000000e+03,5.862577514648437500e+02,8.417078857421875000e+02
3.743000000000000000e+03,5.613175659179687500e+02,8.140951538085937500e+02
3.744000000000000000e+03,5.766492309570312500e+02,1.472718383789062500e+03
3.745000000000000000e+03,5.436919555664062500e+02,8.176274414062500000e+02
3.746000000000000000e+03,5.701127319335937500e+02,1.239382324218750000e+03
3.747000000000000000e+03,5.382766723632812500e+02,1.258461059570312500e+03
3.748000000000000000e+03,6.082438964843750000e+02,8.184769897460937500e+02
3.749000000000000000e+03,5.475930175781250000e+02,8.406591796875000000e+02
3.750000000000000000e+03,5.265844726562500000e+02,8.180513305664062500e+02
3.751000000000000000e+03,5.886631469726562500e+02,7.882764892578125000e+02
3.752000000000000000e+03,5.846878662109375000e+02,8.728067626953125000e+02
3.753000000000000000e+03,5.551292114257812500e+02,1.007495300292968750e+03
3.754000000000000000e+03,5.677211303710937500e+02,9.675419311523437500e+02
3.755000000000000000e+03,5.067887268066406250e+02,7.809033203125000000e+02
3.756000000000000000e+03,5.393647460937500000e+02,8.132528076171875000e+02
3.757000000000000000e+03,5.595771484375000000e+02,8.135830688476562500e+02
3.758000000000000000e+03,6.349554443359375000e+02,8.342540893554687500e+02
3.759000000000000000e+03,5.656229858398437500e+02,1.127476440429687500e+03
3.760000000000000000e+03,6.470447387695312500e+02,1.563301391601562500e+03
3.761000000000000000e+03,6.076103515625000000e+02,8.480510253906250000e+02
3.762000000000000000e+03,5.812112426757812500e+02,1.061362060546875000e+03
3.763000000000000000e+03,5.633694458007812500e+02,8.017740478515625000e+02
3.764000000000000000e+03,5.771020507812500000e+02,7.924187622070312500e+02
3.765000000000000000e+03,5.866636962890625000e+02,9.261791381835937500e+02
3.766000000000000000e+03,5.460084228515625000e+02,9.880840454101562500e+02
3.767000000000000000e+03,5.363631591796875000e+02,7.898047485351562500e+02
3.768000000000000000e+03,5.366491088867187500e+02,1.071118896484375000e+03
3.769000000000000000e+03,5.746445922851562500e+02,7.822449951171875000e+02
3.770000000000000000e+03,5.571566162109375000e+02,7.847695922851562500e+02
3.771000000000000000e+03,5.761064453125000000e+02,1.049044189453125000e+03
3.772000000000000000e+03,5.340726318359375000e+02,7.987276611328125000e+02
3.773000000000000000e+03,5.354682006835937500e+02,8.302487182617187500e+02
3.774000000000000000e+03,6.314795532226562500e+02,8.361358642578125000e+02
3.775000000000000000e+03,5.698571166992187500e+02,8.160593872070312500e+02
3.776000000000000000e+03,5.395576782226562500e+02,7.916325683593750000e+02
3.777000000000000000e+03,6.028239135742187500e+02,8.023357543945312500e+02
3.778000000000000000e+03,5.998967895507812500e+02,8.688068847656250000e+02
3.779000000000000000e+03,6.468538208007812500e+02,7.837738037109375000e+02
3.780000000000000000e+03,6.056962280273437500e+02,1.744028808593750000e+03
3.781000000000000000e+03,5.988399658203125000e+02,1.235056152343750000e+03
3.782000000000000000e+03,6.290120239257812500e+02,8.178140869140625000e+02
3.783000000000000000e+03,5.779108886718750000e+02,1.153556030273437500e+03
3.784000000000000000e+03,5.413334350585937500e+02,8.211279296875000000e+02
3.785000000000000000e+03,5.366818237304687500e+02,7.872487792968750000e+02
3.786000000000000000e+03,5.967305908203125000e+02,8.159915771484375000e+02
3.787000000000000000e+03,5.822149658203125000e+02,8.081760253906250000e+02
3.788000000000000000e+03,5.900194091796875000e+02,8.217659912109375000e+02
3.789000000000000000e+03,5.724883422851562500e+02,8.201741333007812500e+02
3.790000000000000000e+03,5.193623046875000000e+02,9.487656860351562500e+02
3.791000000000000000e+03,5.544763793945312500e+02,8.193460083007812500e+02
3.792000000000000000e+03,5.665241699218750000e+02,8.710305786132812500e+02
3.793000000000000000e+03,5.627526855468750000e+02,7.947259521484375000e+02
3.794000000000000000e+03,5.026228332519531250e+02,1.211596313476562500e+03
3.795000000000000000e+03,5.010108337402343750e+02,7.950368041992187500e+02
3.796000000000000000e+03,5.358288574218750000e+02,8.839429931640625000e+02
3.797000000000000000e+03,5.418049926757812500e+02,1.093852416992187500e+03
3.798000000000000000e+03,5.476916503906250000e+02,1.106694946289062500e+03
3.799000000000000000e+03,5.259800415039062500e+02,7.826680297851562500e+02
3.800000000000000000e+03,5.742387084960937500e+02,8.108637084960937500e+02
3.801000000000000000e+03,5.785501708984375000e+02,7.932033691406250000e+02
3.802000000000000000e+03,5.469885864257812500e+02,7.864746704101562500e+02
3.803000000000000000e+03,5.344672851562500000e+02,8.558452148437500000e+02
3.804000000000000000e+03,5.722590942382812500e+02,8.693403930664062500e+02
3.805000000000000000e+03,5.602670898437500000e+02,9.435288085937500000e+02
3.806000000000000000e+03,5.833391113281250000e+02,7.869450683593750000e+02
3.807000000000000000e+03,6.206822509765625000e+02,9.952358398437500000e+02
3.808000000000000000e+03,6.518682250976562500e+02,8.566387939453125000e+02
3.809000000000000000e+03,5.944059448242187500e+02,9.014464111328125000e+02
3.810000000000000000e+03,5.703869628906250000e+02,1.084025756835937500e+03
3.811000000000000000e+03,5.483562011718750000e+02,1.068025634765625000e+03
3.812000000000000000e+03,6.400784912109375000e+02,9.423675537109375000e+02
3.813000000000000000e+03,6.267949218750000000e+02,7.877685546875000000e+02
3.814000000000000000e+03,5.640253906250000000e+02,9.223391723632812500e+02
3.815000000000000000e+03,6.093939208984375000e+02,1.405889892578125000e+03
3.816000000000000000e+03,5.739705200195312500e+02,8.692769165039062500e+02
3.817000000000000000e+03,6.303402709960937500e+02,7.775635375976562500e+02
3.818000000000000000e+03,6.185910034179687500e+02,8.528687744140625000e+02
3.819000000000000000e+03,5.458432006835937500e+02,1.116651000976562500e+03
3.820000000000000000e+03,6.007225341796875000e+02,1.334726684570312500e+03
3.821000000000000000e+03,5.737406005859375000e+02,7.965777587890625000e+02
3.822000000000000000e+03,6.113975830078125000e+02,1.672688720703125000e+03
3.823000000000000000e+03,5.729682006835937500e+02,7.975366210937500000e+02
3.824000000000000000e+03,5.131084594726562500e+02,7.901646118164062500e+02
3.825000000000000000e+03,5.581342773437500000e+02,9.924001464843750000e+02
3.826000000000000000e+03,5.405991821289062500e+02,1.080744995117187500e+03
3.827000000000000000e+03,5.591464843750000000e+02,8.249091186523437500e+02
3.828000000000000000e+03,5.555447387695312500e+02,9.449444580078125000e+02
3.829000000000000000e+03,5.683048095703125000e+02,8.957316894531250000e+02
3.830000000000000000e+03,5.353675537109375000e+02,7.826624145507812500e+02
3.831000000000000000e+03,5.610663452148437500e+02,1.354221557617187500e+03
3.832000000000000000e+03,5.243599243164062500e+02,1.150503295898437500e+03
3.833000000000000000e+03,5.528118896484375000e+02,1.839634033203125000e+03
3.834000000000000000e+03,5.265384521484375000e+02,1.033704345703125000e+03
3.835000000000000000e+03,5.353869628906250000e+02,7.838988037109375000e+02
3.836000000000000000e+03,4.953491821289062500e+02,8.249111938476562500e+02
3.837000000000000000e+03,5.384778442382812500e+02,1.463158813476562500e+03
3.838000000000000000e+03,5.481502075195312500e+02,8.565117187500000000e+02
3.839000000000000000e+03,5.325004882812500000e+02,7.816723022460937500e+02
3.840000000000000000e+03,5.521264648437500000e+02,8.104003295898437500e+02
3.841000000000000000e+03,5.257274780273437500e+02,8.344036254882812500e+02
3.842000000000000000e+03,5.696061401367187500e+02,8.603565063476562500e+02
3.843000000000000000e+03,5.668320922851562500e+02,9.007629394531250000e+02
3.844000000000000000e+03,5.777509155273437500e+02,7.959144897460937500e+02
3.845000000000000000e+03,5.702382812500000000e+02,7.984636230468750000e+02
3.846000000000000000e+03,6.204305419921875000e+02,7.994257812500000000e+02
3.847000000000000000e+03,5.825567626953125000e+02,9.349794311523437500e+02
3.848000000000000000e+03,6.038258056640625000e+02,8.527819213867187500e+02
3.849000000000000000e+03,5.510174560546875000e+02,9.376761474609375000e+02
3.850000000000000000e+03,5.882220458984375000e+02,1.562235229492187500e+03
3.851000000000000000e+03,5.840965576171875000e+02,9.285769042968750000e+02
3.852000000000000000e+03,6.047775268554687500e+02,8.883924560546875000e+02
3.853000000000000000e+03,5.631231079101562500e+02,8.927259521484375000e+02
3.854000000000000000e+03,5.501821289062500000e+02,8.636558227539062500e+02
3.855000000000000000e+03,5.558518676757812500e+02,1.016746643066406250e+03
3.856000000000000000e+03,5.518007202148437500e+02,1.174674194335937500e+03
3.857000000000000000e+03,5.313169555664062500e+02,1.480893554687500000e+03
3.858000000000000000e+03,6.415316772460937500e+02,7.952617797851562500e+02
3.859000000000000000e+03,6.543236083984375000e+02,9.095335083007812500e+02
3.860000000000000000e+03,5.623880615234375000e+02,1.041239379882812500e+03
3.861000000000000000e+03,5.870196533203125000e+02,7.935662231445312500e+02
3.862000000000000000e+03,5.725422363281250000e+02,8.642695922851562500e+02
3.863000000000000000e+03,5.917590942382812500e+02,7.969025268554687500e+02
3.864000000000000000e+03,5.697094116210937500e+02,9.294132080078125000e+02
3.865000000000000000e+03,5.674673461914062500e+02,8.842656860351562500e+02
3.866000000000000000e+03,4.996746520996093750e+02,8.367932128906250000e+02
3.867000000000000000e+03,5.258429565429687500e+02,7.897493286132812500e+02
3.868000000000000000e+03,5.190059204101562500e+02,1.777003295898437500e+03
3.869000000000000000e+03,5.940839843750000000e+02,9.957775878906250000e+02
3.870000000000000000e+03,5.571312255859375000e+02,7.762537231445312500e+02
3.871000000000000000e+03,5.868015747070312500e+02,8.461876831054687500e+02
3.872000000000000000e+03,5.849594726562500000e+02,9.154473876953125000e+02
3.873000000000000000e+03,5.580908203125000000e+02,9.655113525390625000e+02
3.874000000000000000e+03,5.232209472656250000e+02,1.211492309570312500e+03
3.875000000000000000e+03,5.593579101562500000e+02,7.908166503906250000e+02
3.876000000000000000e+03,5.776024780273437500e+02,7.909014892578125000e+02
3.877000000000000000e+03,6.063131103515625000e+02,7.869124145507812500e+02
3.878000000000000000e+03,5.960737304687500000e+02,7.956112670898437500e+02
3.879000000000000000e+03,6.432805175781250000e+02,9.611089477539062500e+02
3.880000000000000000e+03,5.536117553710937500e+02,1.135523925781250000e+03
3.881000000000000000e+03,5.805421752929687500e+02,8.970881958007812500e+02
3.882000000000000000e+03,5.342330932617187500e+02,9.369889526367187500e+02
3.883000000000000000e+03,6.154330444335937500e+02,8.942590332031250000e+02
3.884000000000000000e+03,5.603200683593750000e+02,7.970702514648437500e+02
3.885000000000000000e+03,5.553755493164062500e+02,8.081220703125000000e+02
3.886000000000000000e+03,6.634679565429687500e+02,8.578642578125000000e+02
3.887000000000000000e+03,5.926921386718750000e+02,7.934889526367187500e+02
3.888000000000000000e+03,6.348080444335937500e+02,1.205284912109375000e+03
3.889000000000000000e+03,5.473195800781250000e+02,1.090598388671875000e+03
3.890000000000000000e+03,5.983135375976562500e+02,7.843411254882812500e+02
3.891000000000000000e+03,5.669797363281250000e+02,8.017926025390625000e+02
3.892000000000000000e+03,6.208641967773437500e+02,9.869465332031250000e+02
3.893000000000000000e+03,5.880875854492187500e+02,8.139663085937500000e+02
3.894000000000000000e+03,6.336166381835937500e+02,8.765452270507812500e+02
3.895000000000000000e+03,5.869467773437500000e+02,7.809473876953125000e+02
3.896000000000000000e+03,5.176311645507812500e+02,8.825762329101562500e+02
3.897000000000000000e+03,6.373856201171875000e+02,8.395172729492187500e+02
3.898000000000000000e+03,5.799569702148437500e+02,9.546618652343750000e+02
3.899000000000000000e+03,5.472326049804687500e+02,1.286531127929687500e+03
3.900000000000000000e+03,6.015454101562500000e+02,7.915692749023437500e+02
3.901000000000000000e+03,5.579993896484375000e+02,7.879693603515625000e+02
3.902000000000000000e+03,5.530004272460937500e+02,9.085314941406250000e+02
3.903000000000000000e+03,5.380763549804687500e+02,8.237089233398437500e+02
3.904000000000000000e+03,5.720946655273437500e+02,8.303511352539062500e+02
3.905000000000000000e+03,5.976755371093750000e+02,8.260721435546875000e+02
3.906000000000000000e+03,5.495683593750000000e+02,8.110645751953125000e+02
3.907000000000000000e+03,5.567067260742187500e+02,7.998309326171875000e+02
3.908000000000000000e+03,5.581661376953125000e+02,9.061836547851562500e+02
3.909000000000000000e+03,5.618917846679687500e+02,8.167604370117187500e+02
3.910000000000000000e+03,5.663695068359375000e+02,1.245419799804687500e+03
3.911000000000000000e+03,5.675559082031250000e+02,7.886880493164062500e+02
3.912000000000000000e+03,6.092518310546875000e+02,8.352939453125000000e+02
3.913000000000000000e+03,5.710032348632812500e+02,1.117760253906250000e+03
3.914000000000000000e+03,5.632416992187500000e+02,1.158187622070312500e+03
3.915000000000000000e+03,6.006135253906250000e+02,1.037059082031250000e+03
3.916000000000000000e+03,5.626756591796875000e+02,8.334603271484375000e+02
3.917000000000000000e+03,5.918803710937500000e+02,1.043867797851562500e+03
3.918000000000000000e+03,5.379768676757812500e+02,7.903706665039062500e+02
3.919000000000000000e+03,5.922686157226562500e+02,9.282465209960937500e+02
3.920000000000000000e+03,5.426913452148437500e+02,1.391217285156250000e+03
3.921000000000000000e+03,5.523594970703125000e+02,7.817957763671875000e+02
3.922000000000000000e+03,5.475239868164062500e+02,8.637792358398437500e+02
3.923000000000000000e+03,5.784207763671875000e+02,7.904082641601562500e+02
3.924000000000000000e+03,5.848445434570312500e+02,9.404444580078125000e+02
3.925000000000000000e+03,5.373200073242187500e+02,2.042044799804687500e+03
3.926000000000000000e+03,5.852680664062500000e+02,7.783252563476562500e+02
3.927000000000000000e+03,5.449454345703125000e+02,8.273770751953125000e+02
3.928000000000000000e+03,6.015601196289062500e+02,8.455603027343750000e+02
3.929000000000000000e+03,6.370448608398437500e+02,7.923271484375000000e+02
3.930000000000000000e+03,5.456349487304687500e+02,9.755162353515625000e+02
3.931000000000000000e+03,5.438881835937500000e+02,7.858862915039062500e+02
3.932000000000000000e+03,6.315736694335937500e+02,8.324811401367187500e+02
3.933000000000000000e+03,5.914241943359375000e+02,7.940625610351562500e+02
3.934000000000000000e+03,5.586558227539062500e+02,8.171848144531250000e+02
3.935000000000000000e+03,5.800656127929687500e+02,7.987413940429687500e+02
3.936000000000000000e+03,6.132016601562500000e+02,1.993152587890625000e+03
3.937000000000000000e+03,6.111850585937500000e+02,1.008182983398437500e+03
3.938000000000000000e+03,5.959359741210937500e+02,8.086946411132812500e+02
3.939000000000000000e+03,5.757985229492187500e+02,8.996566162109375000e+02
3.940000000000000000e+03,5.489990234375000000e+02,7.887631225585937500e+02
3.941000000000000000e+03,5.303236083984375000e+02,8.218529663085937500e+02
3.942000000000000000e+03,5.380888671875000000e+02,1.374057495117187500e+03
3.943000000000000000e+03,5.875553588867187500e+02,1.073944702148437500e+03
3.944000000000000000e+03,5.854503173828125000e+02,8.636830444335937500e+02
3.945000000000000000e+03,4.989290161132812500e+02,1.389886474609375000e+03
3.946000000000000000e+03,5.866881103515625000e+02,8.099249877929687500e+02
3.947000000000000000e+03,6.031658325195312500e+02,1.075629272460937500e+03
3.948000000000000000e+03,5.082596130371093750e+02,8.078764038085937500e+02
3.949000000000000000e+03,5.772263183593750000e+02,8.996729125976562500e+02
3.950000000000000000e+03,5.210492553710937500e+02,9.577783203125000000e+02
3.951000000000000000e+03,5.679401855468750000e+02,1.022788452148437500e+03
3.952000000000000000e+03,5.502148437500000000e+02,8.556208496093750000e+02
3.953000000000000000e+03,5.551300048828125000e+02,8.155250244140625000e+02
3.954000000000000000e+03,5.427486572265625000e+02,8.224930419921875000e+02
3.955000000000000000e+03,5.395997314453125000e+02,1.038943725585937500e+03
3.956000000000000000e+03,6.263878784179687500e+02,8.856815185546875000e+02
3.957000000000000000e+03,5.443605346679687500e+02,9.175334472656250000e+02
3.958000000000000000e+03,5.605820922851562500e+02,7.777290039062500000e+02
3.959000000000000000e+03,5.530326538085937500e+02,8.022178955078125000e+02
3.960000000000000000e+03,5.637875976562500000e+02,7.982191162109375000e+02
3.961000000000000000e+03,6.016436767578125000e+02,9.235610961914062500e+02
3.962000000000000000e+03,5.858557128906250000e+02,7.796379394531250000e+02
3.963000000000000000e+03,5.738816528320312500e+02,1.013158752441406250e+03
3.964000000000000000e+03,5.545349731445312500e+02,1.545405395507812500e+03
3.965000000000000000e+03,5.445073852539062500e+02,7.821290893554687500e+02
3.966000000000000000e+03,5.631442260742187500e+02,9.693642578125000000e+02
3.967000000000000000e+03,5.622332763671875000e+02,1.269282714843750000e+03
3.968000000000000000e+03,5.272973632812500000e+02,8.006552734375000000e+02
3.969000000000000000e+03,5.349914550781250000e+02,7.911749267578125000e+02
3.970000000000000000e+03,5.516104736328125000e+02,1.382047973632812500e+03
3.971000000000000000e+03,5.467460327148437500e+02,8.033523559570312500e+02
3.972000000000000000e+03,5.409442138671875000e+02,7.835081787109375000e+02
3.973000000000000000e+03,5.411612548828125000e+02,1.193649658203125000e+03
3.974000000000000000e+03,6.209628295898437500e+02,8.223141479492187500e+02
3.975000000000000000e+03,5.168396606445312500e+02,1.072141113281250000e+03
3.976000000000000000e+03,5.221629638671875000e+02,1.088406738281250000e+03
3.977000000000000000e+03,5.370330200195312500e+02,9.913499755859375000e+02
3.978000000000000000e+03,5.685223999023437500e+02,8.063818359375000000e+02
3.979000000000000000e+03,6.015260620117187500e+02,9.838139038085937500e+02
3.980000000000000000e+03,5.819490966796875000e+02,3.270787597656250000e+03
3.981000000000000000e+03,6.375491943359375000e+02,8.355745849609375000e+02
3.982000000000000000e+03,5.923189086914062500e+02,1.081155883789062500e+03
3.983000000000000000e+03,6.057010498046875000e+02,7.790020751953125000e+02
3.984000000000000000e+03,5.758933105468750000e+02,7.898527832031250000e+02
3.985000000000000000e+03,5.147986450195312500e+02,1.221122680664062500e+03
3.986000000000000000e+03,5.742529296875000000e+02,1.054351074218750000e+03
3.987000000000000000e+03,5.541604003906250000e+02,1.226104736328125000e+03
3.988000000000000000e+03,5.823698120117187500e+02,8.777988891601562500e+02
3.989000000000000000e+03,5.730477905273437500e+02,8.114494018554687500e+02
3.990000000000000000e+03,5.482465209960937500e+02,8.229656982421875000e+02
3.991000000000000000e+03,5.606298828125000000e+02,1.261221435546875000e+03
3.992000000000000000e+03,5.753110961914062500e+02,9.988149414062500000e+02
3.993000000000000000e+03,5.540313720703125000e+02,7.899928588867187500e+02
3.994000000000000000e+03,6.259632568359375000e+02,9.090038452148437500e+02
3.995000000000000000e+03,5.914555664062500000e+02,8.451207275390625000e+02
3.996000000000000000e+03,5.148445434570312500e+02,1.343644165039062500e+03
3.997000000000000000e+03,6.257926635742187500e+02,1.009351989746093750e+03
3.998000000000000000e+03,6.279691162109375000e+02,7.819240722656250000e+02
3.999000000000000000e+03,5.660759887695312500e+02,9.327409667968750000e+02
4.000000000000000000e+03,6.442996826171875000e+02,7.779239501953125000e+02
4.001000000000000000e+03,5.564878540039062500e+02,9.545978393554687500e+02
4.002000000000000000e+03,5.872750244140625000e+02,1.052295410156250000e+03
4.003000000000000000e+03,5.977421875000000000e+02,9.861124877929687500e+02
4.004000000000000000e+03,5.755808105468750000e+02,9.594521484375000000e+02
4.005000000000000000e+03,5.497092895507812500e+02,1.753370605468750000e+03
4.006000000000000000e+03,5.390206298828125000e+02,7.786569213867187500e+02
4.007000000000000000e+03,6.197408447265625000e+02,8.078415527343750000e+02
4.008000000000000000e+03,5.407283935546875000e+02,1.003735351562500000e+03
4.009000000000000000e+03,5.607567138671875000e+02,7.959246826171875000e+02
4.010000000000000000e+03,5.545068359375000000e+02,7.858023681640625000e+02
4.011000000000000000e+03,5.515699462890625000e+02,7.992014160156250000e+02
4.012000000000000000e+03,5.313820800781250000e+02,8.444317626953125000e+02
4.013000000000000000e+03,5.785839843750000000e+02,1.068312988281250000e+03
4.014000000000000000e+03,5.812012939453125000e+02,8.120918579101562500e+02
4.015000000000000000e+03,5.394293823242187500e+02,1.118304565429687500e+03
4.016000000000000000e+03,5.618458251953125000e+02,7.755606079101562500e+02
4.017000000000000000e+03,5.630758056640625000e+02,7.936500244140625000e+02
4.018000000000000000e+03,5.924000244140625000e+02,7.771651000976562500e+02
4.019000000000000000e+03,5.607987670898437500e+02,9.260421142578125000e+02
4.020000000000000000e+03,5.829718017578125000e+02,7.821250610351562500e+02
4.021000000000000000e+03,6.174375610351562500e+02,1.124502807617187500e+03
4.022000000000000000e+03,5.506243896484375000e+02,8.032526855468750000e+02
4.023000000000000000e+03,5.446196899414062500e+02,8.671533203125000000e+02
4.024000000000000000e+03,5.781050415039062500e+02,8.013212890625000000e+02
4.025000000000000000e+03,5.550129394531250000e+02,1.524164550781250000e+03
4.026000000000000000e+03,6.110960693359375000e+02,1.294184814453125000e+03
4.027000000000000000e+03,6.047799682617187500e+02,9.181009521484375000e+02
4.028000000000000000e+03,5.797996826171875000e+02,8.712795410156250000e+02
4.029000000000000000e+03,5.563825073242187500e+02,8.778704833984375000e+02
4.030000000000000000e+03,5.722290649414062500e+02,9.799885253906250000e+02
4.031000000000000000e+03,5.690747070312500000e+02,8.132713623046875000e+02
4.032000000000000000e+03,5.918002319335937500e+02,7.911159667968750000e+02
4.033000000000000000e+03,5.127081298828125000e+02,8.302915649414062500e+02
4.034000000000000000e+03,4.923773193359375000e+02,9.412218017578125000e+02
4.035000000000000000e+03,5.599391479492187500e+02,7.818300170898437500e+02
4.036000000000000000e+03,5.518280029296875000e+02,9.574559326171875000e+02
4.037000000000000000e+03,5.108670654296875000e+02,1.072078735351562500e+03
4.038000000000000000e+03,5.482054443359375000e+02,9.835947875976562500e+02
4.039000000000000000e+03,5.030797119140625000e+02,1.206223510742187500e+03
4.040000000000000000e+03,5.778365478515625000e+02,8.218690185546875000e+02
4.041000000000000000e+03,5.354031982421875000e+02,7.970281982421875000e+02
4.042000000000000000e+03,5.722366943359375000e+02,7.834149169921875000e+02
4.043000000000000000e+03,5.198490600585937500e+02,8.870310058593750000e+02
4.044000000000000000e+03,5.926390380859375000e+02,8.093313598632812500e+02
4.045000000000000000e+03,5.364978027343750000e+02,1.368084838867187500e+03
4.046000000000000000e+03,5.973519287109375000e+02,1.432821044921875000e+03
4.047000000000000000e+03,5.795516967773437500e+02,9.244076538085937500e+02
4.048000000000000000e+03,5.402353515625000000e+02,7.745083618164062500e+02
4.049000000000000000e+03,5.819454956054687500e+02,7.750145263671875000e+02
4.050000000000000000e+03,6.031635742187500000e+02,7.776163940429687500e+02
4.051000000000000000e+03,6.077772827148437500e+02,2.173081054687500000e+03
4.052000000000000000e+03,6.388329467773437500e+02,8.255618286132812500e+02
4.053000000000000000e+03,6.075153198242187500e+02,8.497896118164062500e+02
4.054000000000000000e+03,5.573952026367187500e+02,1.047650634765625000e+03
4.055000000000000000e+03,5.613682250976562500e+02,8.160355834960937500e+02
4.056000000000000000e+03,5.458407592773437500e+02,8.012593994140625000e+02
4.057000000000000000e+03,6.097558593750000000e+02,1.033188720703125000e+03
4.058000000000000000e+03,4.802055053710937500e+02,1.069146118164062500e+03
4.059000000000000000e+03,5.883305053710937500e+02,7.991228027343750000e+02
4.060000000000000000e+03,5.322365112304687500e+02,8.262756958007812500e+02
4.061000000000000000e+03,5.743009033203125000e+02,1.193210083007812500e+03
4.062000000000000000e+03,5.468529663085937500e+02,9.814470214843750000e+02
4.063000000000000000e+03,5.272299804687500000e+02,7.909572753906250000e+02
4.064000000000000000e+03,5.456785278320312500e+02,8.165953369140625000e+02
4.065000000000000000e+03,5.283629150390625000e+02,8.638767089843750000e+02
4.066000000000000000e+03,5.215829467773437500e+02,8.847249145507812500e+02
4.067000000000000000e+03,6.590504760742187500e+02,1.177266479492187500e+03
4.068000000000000000e+03,5.943784790039062500e+02,1.094314453125000000e+03
4.069000000000000000e+03,6.000387573242187500e+02,8.368608398437500000e+02
4.070000000000000000e+03,5.328246459960937500e+02,1.876120483398437500e+03
4.071000000000000000e+03,6.231517944335937500e+02,7.976428833007812500e+02
4.072000000000000000e+03,5.710921630859375000e+02,7.872193603515625000e+02
4.073000000000000000e+03,5.477904663085937500e+02,8.828291625976562500e+02
4.074000000000000000e+03,5.590901489257812500e+02,8.335996704101562500e+02
4.075000000000000000e+03,5.327895507812500000e+02,8.214990234375000000e+02
4.076000000000000000e+03,5.613115234375000000e+02,8.191733398437500000e+02
4.077000000000000000e+03,5.784971923828125000e+02,7.769210205078125000e+02
4.078000000000000000e+03,5.926179809570312500e+02,9.275590209960937500e+02
4.079000000000000000e+03,5.532798461914062500e+02,9.485119018554687500e+02
4.080000000000000000e+03,5.893179931640625000e+02,8.760399169921875000e+02
4.081000000000000000e+03,6.211456909179687500e+02,1.499515136718750000e+03
4.082000000000000000e+03,6.024717407226562500e+02,8.627072753906250000e+02
4.083000000000000000e+03,5.366190185546875000e+02,1.805939575195312500e+03
4.084000000000000000e+03,5.208229980468750000e+02,7.956264038085937500e+02
4.085000000000000000e+03,5.428067016601562500e+02,1.386388183593750000e+03
4.086000000000000000e+03,5.665615234375000000e+02,8.280696411132812500e+02
4.087000000000000000e+03,5.573540039062500000e+02,8.067932128906250000e+02
4.088000000000000000e+03,5.641357421875000000e+02,7.999396972656250000e+02
4.089000000000000000e+03,5.711979980468750000e+02,8.077598266601562500e+02
4.090000000000000000e+03,5.413964233398437500e+02,7.770941162109375000e+02
4.091000000000000000e+03,5.625605468750000000e+02,7.812840576171875000e+02
4.092000000000000000e+03,5.237872924804687500e+02,9.428813476562500000e+02
4.093000000000000000e+03,5.642626342773437500e+02,7.875809936523437500e+02
4.094000000000000000e+03,5.440164794921875000e+02,7.763439331054687500e+02
4.095000000000000000e+03,5.992351684570312500e+02,7.848587036132812500e+02
4.096000000000000000e+03,5.651374511718750000e+02,7.842630004882812500e+02
4.097000000000000000e+03,5.507186279296875000e+02,7.989277954101562500e+02
4.098000000000000000e+03,5.412461547851562500e+02,9.804124755859375000e+02
4.099000000000000000e+03,5.312973022460937500e+02,8.022991943359375000e+02
4.100000000000000000e+03,5.528234252929687500e+02,9.027540893554687500e+02
4.101000000000000000e+03,5.508924560546875000e+02,1.133656127929687500e+03
4.102000000000000000e+03,5.826293334960937500e+02,9.468720703125000000e+02
4.103000000000000000e+03,5.315277709960937500e+02,8.326759643554687500e+02
4.104000000000000000e+03,5.510496826171875000e+02,8.617119140625000000e+02
4.105000000000000000e+03,4.973879699707031250e+02,7.764464111328125000e+02
4.106000000000000000e+03,5.625061645507812500e+02,9.812866210937500000e+02
4.107000000000000000e+03,5.253852539062500000e+02,8.189631958007812500e+02
4.108000000000000000e+03,5.923908081054687500e+02,7.813050537109375000e+02
4.109000000000000000e+03,5.824612426757812500e+02,7.761015014648437500e+02
4.110000000000000000e+03,5.582023315429687500e+02,1.714123291015625000e+03
4.111000000000000000e+03,5.737189331054687500e+02,1.541048217773437500e+03
4.112000000000000000e+03,5.721627807617187500e+02,7.789007568359375000e+02
4.113000000000000000e+03,5.461352539062500000e+02,8.644187622070312500e+02
4.114000000000000000e+03,4.951564025878906250e+02,8.947025146484375000e+02
4.115000000000000000e+03,5.992288818359375000e+02,8.916841430664062500e+02
4.116000000000000000e+03,5.547638549804687500e+02,8.477570190429687500e+02
4.117000000000000000e+03,6.171365966796875000e+02,9.135970458984375000e+02
4.118000000000000000e+03,5.870798339843750000e+02,9.388838500976562500e+02
4.119000000000000000e+03,5.805790405273437500e+02,7.766827392578125000e+02
4.120000000000000000e+03,5.770900878906250000e+02,8.303338623046875000e+02
4.121000000000000000e+03,5.823345336914062500e+02,1.034977905273437500e+03
4.122000000000000000e+03,5.212366943359375000e+02,1.263516479492187500e+03
4.123000000000000000e+03,6.641484375000000000e+02,8.418749389648437500e+02
4.124000000000000000e+03,5.773182373046875000e+02,8.270401611328125000e+02
4.125000000000000000e+03,5.543871459960937500e+02,8.640009765625000000e+02
4.126000000000000000e+03,5.749170532226562500e+02,8.623427734375000000e+02
4.127000000000000000e+03,5.108845520019531250e+02,7.909393310546875000e+02
4.128000000000000000e+03,5.849840698242187500e+02,8.093622436523437500e+02
4.129000000000000000e+03,5.596381225585937500e+02,7.780963745117187500e+02
4.130000000000000000e+03,6.154790649414062500e+02,7.984233398437500000e+02
4.131000000000000000e+03,5.314692993164062500e+02,1.213650512695312500e+03
4.132000000000000000e+03,5.837163085937500000e+02,8.561186523437500000e+02
4.133000000000000000e+03,5.892736816406250000e+02,9.966399536132812500e+02
4.134000000000000000e+03,5.358161621093750000e+02,1.418935180664062500e+03
4.135000000000000000e+03,5.904977416992187500e+02,7.862156982421875000e+02
4.136000000000000000e+03,4.740463867187500000e+02,1.129468872070312500e+03
4.137000000000000000e+03,5.402944335937500000e+02,8.168219604492187500e+02
4.138000000000000000e+03,5.680619506835937500e+02,8.712838745117187500e+02
4.139000000000000000e+03,5.972830810546875000e+02,1.003798278808593750e+03
4.140000000000000000e+03,5.611676635742187500e+02,8.594672851562500000e+02
4.141000000000000000e+03,6.566395263671875000e+02,1.978744140625000000e+03
4.142000000000000000e+03,5.816040039062500000e+02,8.170252685546875000e+02
4.143000000000000000e+03,5.360650634765625000e+02,7.806721191406250000e+02
4.144000000000000000e+03,5.710377807617187500e+02,8.701060791015625000e+02
4.145000000000000000e+03,5.158326416015625000e+02,1.048018798828125000e+03
4.146000000000000000e+03,6.053574218750000000e+02,1.047570068359375000e+03
4.147000000000000000e+03,5.417853393554687500e+02,7.830812377929687500e+02
4.148000000000000000e+03,5.685244140625000000e+02,8.117448730468750000e+02
4.149000000000000000e+03,5.554295654296875000e+02,9.053014526367187500e+02
4.150000000000000000e+03,5.624871826171875000e+02,8.435462646484375000e+02
4.151000000000000000e+03,5.354705810546875000e+02,8.170697021484375000e+02
4.152000000000000000e+03,5.152453613281250000e+02,1.010113708496093750e+03
4.153000000000000000e+03,5.948516235351562500e+02,9.236802368164062500e+02
4.154000000000000000e+03,5.297942504882812500e+02,7.747952270507812500e+02
4.155000000000000000e+03,5.975594482421875000e+02,8.241552734375000000e+02
4.156000000000000000e+03,4.796492614746093750e+02,8.853166503906250000e+02
4.157000000000000000e+03,5.629670410156250000e+02,9.758408203125000000e+02
4.158000000000000000e+03,5.426998901367187500e+02,7.834072875976562500e+02
4.159000000000000000e+03,5.321820068359375000e+02,1.174679077148437500e+03
4.160000000000000000e+03,5.844770507812500000e+02,8.234111328125000000e+02
4.161000000000000000e+03,6.203167724609375000e+02,8.590048828125000000e+02
4.162000000000000000e+03,6.036371459960937500e+02,8.234755249023437500e+02
4.163000000000000000e+03,5.482667846679687500e+02,8.822150878906250000e+02
4.164000000000000000e+03,5.736001586914062500e+02,7.902584838867187500e+02
4.165000000000000000e+03,5.969772338867187500e+02,8.426156005859375000e+02
4.166000000000000000e+03,5.494598999023437500e+02,7.844878540039062500e+02
4.167000000000000000e+03,5.386542968750000000e+02,8.205504150390625000e+02
4.168000000000000000e+03,5.785816650390625000e+02,1.099199218750000000e+03
4.169000000000000000e+03,5.479609985351562500e+02,7.939177856445312500e+02
4.170000000000000000e+03,5.713173217773437500e+02,7.853546142578125000e+02
4.171000000000000000e+03,5.495485229492187500e+02,7.921418457031250000e+02
4.172000000000000000e+03,5.564465942382812500e+02,8.514876708984375000e+02
4.173000000000000000e+03,5.679396972656250000e+02,9.123122558593750000e+02
4.174000000000000000e+03,5.904927368164062500e+02,8.962014160156250000e+02
4.175000000000000000e+03,5.788157958984375000e+02,1.150230346679687500e+03
4.176000000000000000e+03,5.035519409179687500e+02,1.246698852539062500e+03
4.177000000000000000e+03,5.214365234375000000e+02,8.331768188476562500e+02
4.178000000000000000e+03,5.642555541992187500e+02,9.001151733398437500e+02
4.179000000000000000e+03,5.330853271484375000e+02,8.130667724609375000e+02
4.180000000000000000e+03,6.563577270507812500e+02,8.778040771484375000e+02
4.181000000000000000e+03,5.570764160156250000e+02,7.782119140625000000e+02
4.182000000000000000e+03,6.360390014648437500e+02,7.819241943359375000e+02
4.183000000000000000e+03,5.560586547851562500e+02,1.038196044921875000e+03
4.184000000000000000e+03,5.532868652343750000e+02,7.916370849609375000e+02
4.185000000000000000e+03,5.396663818359375000e+02,1.210399414062500000e+03
4.186000000000000000e+03,5.946120605468750000e+02,8.359622192382812500e+02
4.187000000000000000e+03,5.375902709960937500e+02,1.511665771484375000e+03
4.188000000000000000e+03,6.484929199218750000e+02,7.828654785156250000e+02
4.189000000000000000e+03,5.659915771484375000e+02,8.346143798828125000e+02
4.190000000000000000e+03,5.182465209960937500e+02,1.028641723632812500e+03
4.191000000000000000e+03,5.685466308593750000e+02,8.282347412109375000e+02
4.192000000000000000e+03,5.124333496093750000e+02,7.800979003906250000e+02
4.193000000000000000e+03,5.126867065429687500e+02,8.875302734375000000e+02
4.194000000000000000e+03,5.777145996093750000e+02,1.111888916015625000e+03
4.195000000000000000e+03,5.371416625976562500e+02,8.289736328125000000e+02
4.196000000000000000e+03,5.141925048828125000e+02,8.495824584960937500e+02
4.197000000000000000e+03,5.438234252929687500e+02,1.445346435546875000e+03
4.198000000000000000e+03,4.971561279296875000e+02,1.534851440429687500e+03
4.199000000000000000e+03,5.796986694335937500e+02,9.928244628906250000e+02
4.200000000000000000e+03,5.574922485351562500e+02,1.192681518554687500e+03
4.201000000000000000e+03,5.125021362304687500e+02,1.501760986328125000e+03
4.202000000000000000e+03,6.194672851562500000e+02,1.100057861328125000e+03
4.203000000000000000e+03,5.479073486328125000e+02,8.012767333984375000e+02
4.204000000000000000e+03,5.456743164062500000e+02,8.067864379882812500e+02
4.205000000000000000e+03,5.279197387695312500e+02,7.733673706054687500e+02
4.206000000000000000e+03,5.309967651367187500e+02,9.363205566406250000e+02
4.207000000000000000e+03,5.922260742187500000e+02,9.565352172851562500e+02
4.208000000000000000e+03,5.311710205078125000e+02,9.340526123046875000e+02
4.209000000000000000e+03,6.160205078125000000e+02,8.736997680664062500e+02
4.210000000000000000e+03,6.007126464843750000e+02,1.085092651367187500e+03
4.211000000000000000e+03,5.458385620117187500e+02,8.516764526367187500e+02
4.212000000000000000e+03,5.665191650390625000e+02,8.124076538085937500e+02
4.213000000000000000e+03,5.685535888671875000e+02,9.985032958984375000e+02
4.214000000000000000e+03,4.865983276367187500e+02,8.316362915039062500e+02
4.215000000000000000e+03,6.300456542968750000e+02,9.331210327148437500e+02
4.216000000000000000e+03,5.891611938476562500e+02,1.026359619140625000e+03
4.217000000000000000e+03,5.696114501953125000e+02,9.315982055664062500e+02
4.218000000000000000e+03,5.724692382812500000e+02,8.335897827148437500e+02
4.219000000000000000e+03,5.927279663085937500e+02,7.941635131835937500e+02
4.220000000000000000e+03,5.955396118164062500e+02,8.742896118164062500e+02
4.221000000000000000e+03,5.592753906250000000e+02,9.383048706054687500e+02
4.222000000000000000e+03,5.630298461914062500e+02,1.032394409179687500e+03
4.223000000000000000e+03,5.271367187500000000e+02,8.366473999023437500e+02
4.224000000000000000e+03,5.327531738281250000e+02,8.380024414062500000e+02
4.225000000000000000e+03,5.692150268554687500e+02,1.089144531250000000e+03
4.226000000000000000e+03,5.789485473632812500e+02,1.531120971679687500e+03
4.227000000000000000e+03,5.359530639648437500e+02,8.619913330078125000e+02
4.228000000000000000e+03,5.599492797851562500e+02,8.049638061523437500e+02
4.229000000000000000e+03,5.550310058593750000e+02,8.784218750000000000e+02
4.230000000000000000e+03,5.631450805664062500e+02,9.062163085937500000e+02
4.231000000000000000e+03,6.038172607421875000e+02,7.842592163085937500e+02
4.232000000000000000e+03,6.004219360351562500e+02,8.068866577148437500e+02
4.233000000000000000e+03,6.033671875000000000e+02,8.645374145507812500e+02
4.234000000000000000e+03,5.443962402343750000e+02,1.253822265625000000e+03
4.235000000000000000e+03,5.550197753906250000e+02,1.043129394531250000e+03
4.236000000000000000e+03,5.478134765625000000e+02,1.061808105468750000e+03
4.237000000000000000e+03,5.513319091796875000e+02,8.913151855468750000e+02
4.238000000000000000e+03,5.076909179687500000e+02,9.214359130859375000e+02
4.239000000000000000e+03,5.541930541992187500e+02,7.822393798828125000e+02
4.240000000000000000e+03,6.404643554687500000e+02,7.744849243164062500e+02
4.241000000000000000e+03,5.635103149414062500e+02,8.288837890625000000e+02
4.242000000000000000e+03,5.572856445312500000e+02,7.797421875000000000e+02
4.243000000000000000e+03,5.793690795898437500e+02,8.081383056640625000e+02
4.244000000000000000e+03,5.556595458984375000e+02,8.090536499023437500e+02
4.245000000000000000e+03,5.742218017578125000e+02,8.433253173828125000e+02
4.246000000000000000e+03,4.917337341308593750e+02,8.764563598632812500e+02
4.247000000000000000e+03,5.443253784179687500e+02,1.860970703125000000e+03
4.248000000000000000e+03,5.794625244140625000e+02,1.054938842773437500e+03
4.249000000000000000e+03,5.851074218750000000e+02,7.911675415039062500e+02
4.250000000000000000e+03,5.454080200195312500e+02,1.099180664062500000e+03
4.251000000000000000e+03,6.182730102539062500e+02,8.099761962890625000e+02
4.252000000000000000e+03,5.555967407226562500e+02,1.044655517578125000e+03
4.253000000000000000e+03,5.530081787109375000e+02,9.859317016601562500e+02
4.254000000000000000e+03,5.404895019531250000e+02,8.644943847656250000e+02
4.255000000000000000e+03,5.801624755859375000e+02,8.159530639648437500e+02
4.256000000000000000e+03,5.588007812500000000e+02,8.674906005859375000e+02
4.257000000000000000e+03,5.407786865234375000e+02,7.861181640625000000e+02
4.258000000000000000e+03,5.947004394531250000e+02,7.736915893554687500e+02
4.259000000000000000e+03,5.358493041992187500e+02,8.059970703125000000e+02
4.260000000000000000e+03,5.993963012695312500e+02,8.768535766601562500e+02
4.261000000000000000e+03,5.919550781250000000e+02,8.418643188476562500e+02
4.262000000000000000e+03,5.790499267578125000e+02,1.026690307617187500e+03
4.263000000000000000e+03,5.287109375000000000e+02,8.275897827148437500e+02
4.264000000000000000e+03,6.101016235351562500e+02,1.120792724609375000e+03
4.265000000000000000e+03,5.904377441406250000e+02,1.139422363281250000e+03
4.266000000000000000e+03,5.940933227539062500e+02,9.761781005859375000e+02
4.267000000000000000e+03,5.203681030273437500e+02,1.166980468750000000e+03
4.268000000000000000e+03,5.376964721679687500e+02,9.080534057617187500e+02
4.269000000000000000e+03,4.987433166503906250e+02,7.788245849609375000e+02
4.270000000000000000e+03,5.603814086914062500e+02,7.772976684570312500e+02
4.271000000000000000e+03,5.339564208984375000e+02,1.111734497070312500e+03
4.272000000000000000e+03,5.483534545898437500e+02,1.756689575195312500e+03
4.273000000000000000e+03,6.070063476562500000e+02,7.769181518554687500e+02
4.274000000000000000e+03,5.976204223632812500e+02,1.038756103515625000e+03
4.275000000000000000e+03,5.786084594726562500e+02,8.441036376953125000e+02
4.276000000000000000e+03,5.616461791992187500e+02,8.311076660156250000e+02
4.277000000000000000e+03,5.259547729492187500e+02,1.760627441406250000e+03
4.278000000000000000e+03,6.025335083007812500e+02,1.137365600585937500e+03
4.279000000000000000e+03,5.506878051757812500e+02,7.842965087890625000e+02
4.280000000000000000e+03,5.661209716796875000e+02,8.063449707031250000e+02
4.281000000000000000e+03,6.370119628906250000e+02,7.906270141601562500e+02
4.282000000000000000e+03,5.887054443359375000e+02,8.021627807617187500e+02
4.283000000000000000e+03,5.676419677734375000e+02,9.590771484375000000e+02
4.284000000000000000e+03,5.958706054687500000e+02,8.870726318359375000e+02
4.285000000000000000e+03,5.324513549804687500e+02,8.094733276367187500e+02
4.286000000000000000e+03,5.582479248046875000e+02,7.819390869140625000e+02
4.287000000000000000e+03,6.011814575195312500e+02,1.347712524414062500e+03
4.288000000000000000e+03,6.306199951171875000e+02,7.839376831054687500e+02
4.289000000000000000e+03,5.064972534179687500e+02,1.523877807617187500e+03
4.290000000000000000e+03,5.711910400390625000e+02,1.106591064453125000e+03
4.291000000000000000e+03,5.657733764648437500e+02,7.792700805664062500e+02
4.292000000000000000e+03,5.303471679687500000e+02,1.104176025390625000e+03
4.293000000000000000e+03,5.346750488281250000e+02,9.889258422851562500e+02
4.294000000000000000e+03,4.926852722167968750e+02,1.521722900390625000e+03
4.295000000000000000e+03,4.863899841308593750e+02,7.730923461914062500e+02
4.296000000000000000e+03,5.066090393066406250e+02,1.268741699218750000e+03
4.297000000000000000e+03,5.543733520507812500e+02,7.768994750976562500e+02
4.298000000000000000e+03,5.371223144531250000e+02,7.767305297851562500e+02
4.299000000000000000e+03,5.508817749023437500e+02,7.718456420898437500e+02
4.300000000000000000e+03,5.804370727539062500e+02,7.716083984375000000e+02
4.301000000000000000e+03,5.639621582031250000e+02,1.281653564453125000e+03
4.302000000000000000e+03,5.605712280273437500e+02,1.355269409179687500e+03
4.303000000000000000e+03,5.196790161132812500e+02,8.322933959960937500e+02
4.304000000000000000e+03,5.856331176757812500e+02,9.571723022460937500e+02
4.305000000000000000e+03,5.441954345703125000e+02,8.918772583007812500e+02
4.306000000000000000e+03,5.319647827148437500e+02,8.297509765625000000e+02
4.307000000000000000e+03,5.895157470703125000e+02,9.620580444335937500e+02
4.308000000000000000e+03,5.713438720703125000e+02,7.913608398437500000e+02
4.309000000000000000e+03,5.611239624023437500e+02,8.584165649414062500e+02
4.310000000000000000e+03,5.594846191406250000e+02,9.774668579101562500e+02
4.311000000000000000e+03,5.543524169921875000e+02,7.969463500976562500e+02
4.312000000000000000e+03,5.400064697265625000e+02,8.175343017578125000e+02
4.313000000000000000e+03,5.394549560546875000e+02,7.924467163085937500e+02
4.314000000000000000e+03,6.039708251953125000e+02,7.749716796875000000e+02
4.315000000000000000e+03,6.451056518554687500e+02,7.813344726562500000e+02
4.316000000000000000e+03,5.813516235351562500e+02,9.725134277343750000e+02
4.317000000000000000e+03,6.132299194335937500e+02,1.975139770507812500e+03
4.318000000000000000e+03,5.829662475585937500e+02,1.261860107421875000e+03
4.319000000000000000e+03,5.464896850585937500e+02,1.028610351562500000e+03
4.320000000000000000e+03,5.719025878906250000e+02,7.861426391601562500e+02
4.321000000000000000e+03,5.342630615234375000e+02,8.200238647460937500e+02
4.322000000000000000e+03,5.672271118164062500e+02,7.900020751953125000e+02
4.323000000000000000e+03,5.055480041503906250e+02,9.422415161132812500e+02
4.324000000000000000e+03,5.174285278320312500e+02,9.237097167968750000e+02
4.325000000000000000e+03,5.901943969726562500e+02,7.837650756835937500e+02
4.326000000000000000e+03,5.263761596679687500e+02,8.047708129882812500e+02
4.327000000000000000e+03,5.170148315429687500e+02,1.070545288085937500e+03
4.328000000000000000e+03,5.162488403320312500e+02,7.760529785156250000e+02
4.329000000000000000e+03,4.929383239746093750e+02,2.213382568359375000e+03
4.330000000000000000e+03,5.564623413085937500e+02,7.804337768554687500e+02
4.331000000000000000e+03,5.209266967773437500e+02,1.427668579101562500e+03
4.332000000000000000e+03,5.203532104492187500e+02,8.639865722656250000e+02
4.333000000000000000e+03,5.335140380859375000e+02,8.629270019531250000e+02
4.334000000000000000e+03,5.477348022460937500e+02,8.167812500000000000e+02
4.335000000000000000e+03,5.014871215820312500e+02,8.111909790039062500e+02
4.336000000000000000e+03,5.609667358398437500e+02,1.554442382812500000e+03
4.337000000000000000e+03,5.398492431640625000e+02,8.576208496093750000e+02
4.338000000000000000e+03,5.144552001953125000e+02,1.163943969726562500e+03
4.339000000000000000e+03,5.571918334960937500e+02,8.519003295898437500e+02
4.340000000000000000e+03,5.919400634765625000e+02,8.090227661132812500e+02
4.341000000000000000e+03,5.956322631835937500e+02,8.631491088867187500e+02
4.342000000000000000e+03,5.749686889648437500e+02,8.164685668945312500e+02
4.343000000000000000e+03,5.700757446289062500e+02,7.883289794921875000e+02
4.344000000000000000e+03,5.900302734375000000e+02,8.099883422851562500e+02
4.345000000000000000e+03,6.343156127929687500e+02,7.703961181640625000e+02
4.346000000000000000e+03,6.232558593750000000e+02,8.621632080078125000e+02
4.347000000000000000e+03,5.409774169921875000e+02,9.002678222656250000e+02
4.348000000000000000e+03,5.827193603515625000e+02,1.523096191406250000e+03
4.349000000000000000e+03,4.829471435546875000e+02,7.722078247070312500e+02
4.350000000000000000e+03,5.765404663085937500e+02,1.237178955078125000e+03
4.351000000000000000e+03,5.360458374023437500e+02,8.200039672851562500e+02
4.352000000000000000e+03,5.453479003906250000e+02,8.629201660156250000e+02
4.353000000000000000e+03,5.491782836914062500e+02,8.062238769531250000e+02
4.354000000000000000e+03,5.989779052734375000e+02,7.929104003906250000e+02
4.355000000000000000e+03,5.459753417968750000e+02,7.979183349609375000e+02
4.356000000000000000e+03,6.162089233398437500e+02,8.020255126953125000e+02
4.357000000000000000e+03,5.472142333984375000e+02,1.893915161132812500e+03
4.358000000000000000e+03,5.629180908203125000e+02,8.803484497070312500e+02
4.359000000000000000e+03,5.741931762695312500e+02,7.844590454101562500e+02
4.360000000000000000e+03,5.160469360351562500e+02,8.344003295898437500e+02
4.361000000000000000e+03,5.243983764648437500e+02,7.936443481445312500e+02
4.362000000000000000e+03,5.626171264648437500e+02,7.938502807617187500e+02
4.363000000000000000e+03,5.588544921875000000e+02,1.181154052734375000e+03
4.364000000000000000e+03,5.419467163085937500e+02,9.191151733398437500e+02
4.365000000000000000e+03,5.516950683593750000e+02,9.399519042968750000e+02
4.366000000000000000e+03,6.345292358398437500e+02,8.718124389648437500e+02
4.367000000000000000e+03,5.629657592773437500e+02,7.727133789062500000e+02
4.368000000000000000e+03,5.439048461914062500e+02,1.260852050781250000e+03
4.369000000000000000e+03,5.922366943359375000e+02,8.033766479492187500e+02
4.370000000000000000e+03,5.301167602539062500e+02,1.033626342773437500e+03
4.371000000000000000e+03,5.649702148437500000e+02,7.685900268554687500e+02
4.372000000000000000e+03,5.868046875000000000e+02,9.484043579101562500e+02
4.373000000000000000e+03,5.833685913085937500e+02,9.075774536132812500e+02
4.374000000000000000e+03,5.342277221679687500e+02,7.775039062500000000e+02
4.375000000000000000e+03,5.762445068359375000e+02,8.690211181640625000e+02
4.376000000000000000e+03,5.596787109375000000e+02,7.796618652343750000e+02
4.377000000000000000e+03,5.855258789062500000e+02,1.160115234375000000e+03
4.378000000000000000e+03,5.580593872070312500e+02,1.024770263671875000e+03
4.379000000000000000e+03,5.707625732421875000e+02,9.309262084960937500e+02
4.380000000000000000e+03,5.437114868164062500e+02,8.490503540039062500e+02
4.381000000000000000e+03,5.712091674804687500e+02,7.678911743164062500e+02
4.382000000000000000e+03,6.238991699218750000e+02,8.022422485351562500e+02
4.383000000000000000e+03,5.867764892578125000e+02,9.092258911132812500e+02
4.384000000000000000e+03,5.838698120117187500e+02,1.074083984375000000e+03
4.385000000000000000e+03,4.888415832519531250e+02,9.465437622070312500e+02
4.386000000000000000e+03,5.933778076171875000e+02,8.301385498046875000e+02
4.387000000000000000e+03,5.772800292968750000e+02,1.662383666992187500e+03
4.388000000000000000e+03,6.189564819335937500e+02,1.076212036132812500e+03
4.389000000000000000e+03,5.879359741210937500e+02,7.809574584960937500e+02
4.390000000000000000e+03,5.926259765625000000e+02,8.146356201171875000e+02
4.391000000000000000e+03,5.755658569335937500e+02,8.117960815429687500e+02
4.392000000000000000e+03,5.723990478515625000e+02,7.821291503906250000e+02
4.393000000000000000e+03,6.326074218750000000e+02,9.389996337890625000e+02
4.394000000000000000e+03,5.220751342773437500e+02,1.377843627929687500e+03
4.395000000000000000e+03,5.807679443359375000e+02,1.261521850585937500e+03
4.396000000000000000e+03,5.182595825195312500e+02,8.931908569335937500e+02
4.397000000000000000e+03,5.211958618164062500e+02,7.848898315429687500e+02
4.398000000000000000e+03,5.729729614257812500e+02,1.244596313476562500e+03
4.399000000000000000e+03,5.304535522460937500e+02,7.776338500976562500e+02
4.400000000000000000e+03,5.334959106445312500e+02,7.831314086914062500e+02
4.401000000000000000e+03,5.202797241210937500e+02,1.590632080078125000e+03
4.402000000000000000e+03,5.379429931640625000e+02,9.090390625000000000e+02
4.403000000000000000e+03,5.593615722656250000e+02,1.298468383789062500e+03
4.404000000000000000e+03,5.864045410156250000e+02,8.300484619140625000e+02
4.405000000000000000e+03,5.671787109375000000e+02,1.329499267578125000e+03
4.406000000000000000e+03,5.977356567382812500e+02,7.790379638671875000e+02
4.407000000000000000e+03,5.648302001953125000e+02,7.696235351562500000e+02
4.408000000000000000e+03,5.641843261718750000e+02,1.548394653320312500e+03
4.409000000000000000e+03,6.174113159179687500e+02,7.855302124023437500e+02
4.410000000000000000e+03,6.050601806640625000e+02,1.011759216308593750e+03
4.411000000000000000e+03,5.452315673828125000e+02,1.350381103515625000e+03
4.412000000000000000e+03,5.686305541992187500e+02,8.113187255859375000e+02
4.413000000000000000e+03,5.524107666015625000e+02,8.241905517578125000e+02
4.414000000000000000e+03,5.280845947265625000e+02,8.774903564453125000e+02
4.415000000000000000e+03,4.851315612792968750e+02,7.757871704101562500e+02
4.416000000000000000e+03,5.627158203125000000e+02,7.820690307617187500e+02
4.417000000000000000e+03,5.427116699218750000e+02,1.213182495117187500e+03
4.418000000000000000e+03,5.646195068359375000e+02,8.320032958984375000e+02
4.419000000000000000e+03,5.564683227539062500e+02,1.054439697265625000e+03
4.420000000000000000e+03,5.314943847656250000e+02,7.919198608398437500e+02
4.421000000000000000e+03,5.223074340820312500e+02,7.937888183593750000e+02
4.422000000000000000e+03,5.495173950195312500e+02,7.860978393554687500e+02
4.423000000000000000e+03,5.503097534179687500e+02,8.406520996093750000e+02
4.424000000000000000e+03,6.194230957031250000e+02,7.981807861328125000e+02
4.425000000000000000e+03,5.366799926757812500e+02,1.481740234375000000e+03
4.426000000000000000e+03,5.707529907226562500e+02,9.143746337890625000e+02
4.427000000000000000e+03,5.195140991210937500e+02,7.775296630859375000e+02
4.428000000000000000e+03,5.305085449218750000e+02,7.987368774414062500e+02
4.429000000000000000e+03,4.950442199707031250e+02,8.235033569335937500e+02
4.430000000000000000e+03,5.273613281250000000e+02,7.834459838867187500e+02
4.431000000000000000e+03,5.396646118164062500e+02,8.532553100585937500e+02
4.432000000000000000e+03,5.206723632812500000e+02,8.259115600585937500e+02
4.433000000000000000e+03,5.850112304687500000e+02,7.669877319335937500e+02
4.434000000000000000e+03,5.597324218750000000e+02,1.103790161132812500e+03
4.435000000000000000e+03,6.146958007812500000e+02,7.657422485351562500e+02
4.436000000000000000e+03,6.327084960937500000e+02,1.143911865234375000e+03
4.437000000000000000e+03,6.236503906250000000e+02,8.317510375976562500e+02
4.438000000000000000e+03,5.017239990234375000e+02,9.231530151367187500e+02
4.439000000000000000e+03,5.619561157226562500e+02,8.556241455078125000e+02
4.440000000000000000e+03,5.693421020507812500e+02,7.694984130859375000e+02
4.441000000000000000e+03,5.807507324218750000e+02,9.336491088867187500e+02
4.442000000000000000e+03,5.766057739257812500e+02,1.110053222656250000e+03
4.443000000000000000e+03,6.515695190429687500e+02,9.409749145507812500e+02
4.444000000000000000e+03,5.460215454101562500e+02,7.801021728515625000e+02
4.445000000000000000e+03,5.218876953125000000e+02,7.971617431640625000e+02
4.446000000000000000e+03,5.457755126953125000e+02,7.823009643554687500e+02
4.447000000000000000e+03,5.307498779296875000e+02,8.142001953125000000e+02
4.448000000000000000e+03,5.192929077148437500e+02,1.199182495117187500e+03
4.449000000000000000e+03,5.228350219726562500e+02,7.702763671875000000e+02
4.450000000000000000e+03,5.200028686523437500e+02,7.773720703125000000e+02
4.451000000000000000e+03,5.676829833984375000e+02,7.691072998046875000e+02
4.452000000000000000e+03,5.598157958984375000e+02,8.103474121093750000e+02
4.453000000000000000e+03,5.166151123046875000e+02,9.302947998046875000e+02
4.454000000000000000e+03,5.762199707031250000e+02,8.884382934570312500e+02
4.455000000000000000e+03,5.809644165039062500e+02,7.800023193359375000e+02
4.456000000000000000e+03,5.627194824218750000e+02,8.623032226562500000e+02
4.457000000000000000e+03,5.079985961914062500e+02,9.953651733398437500e+02
4.458000000000000000e+03,6.075036621093750000e+02,7.865714111328125000e+02
4.459000000000000000e+03,5.529276123046875000e+02,1.117415405273437500e+03
4.460000000000000000e+03,5.493214721679687500e+02,8.279551391601562500e+02
4.461000000000000000e+03,5.182343139648437500e+02,9.144837036132812500e+02
4.462000000000000000e+03,5.130345458984375000e+02,7.789854125976562500e+02
4.463000000000000000e+03,5.496277465820312500e+02,1.315791381835937500e+03
4.464000000000000000e+03,5.575814819335937500e+02,2.055260742187500000e+03
4.465000000000000000e+03,6.168239746093750000e+02,8.068202514648437500e+02
4.466000000000000000e+03,5.392381591796875000e+02,7.845553588867187500e+02
4.467000000000000000e+03,5.717225341796875000e+02,9.163647460937500000e+02
4.468000000000000000e+03,5.278866577148437500e+02,8.725089111328125000e+02
4.469000000000000000e+03,5.454755859375000000e+02,7.759237670898437500e+02
4.470000000000000000e+03,5.459634399414062500e+02,9.026077270507812500e+02
4.471000000000000000e+03,5.645374755859375000e+02,8.064093017578125000e+02
4.472000000000000000e+03,6.135285034179687500e+02,8.125396118164062500e+02
4.473000000000000000e+03,5.568779907226562500e+02,7.802756347656250000e+02
4.474000000000000000e+03,5.406960449218750000e+02,8.110623168945312500e+02
4.475000000000000000e+03,5.757172851562500000e+02,7.697678222656250000e+02
4.476000000000000000e+03,5.676390991210937500e+02,9.555161743164062500e+02
4.477000000000000000e+03,5.331576538085937500e+02,8.230736694335937500e+02
4.478000000000000000e+03,5.215180664062500000e+02,9.557890625000000000e+02
4.479000000000000000e+03,5.898526611328125000e+02,1.026437377929687500e+03
4.480000000000000000e+03,5.686931762695312500e+02,1.729567382812500000e+03
4.481000000000000000e+03,5.600283203125000000e+02,8.045073852539062500e+02
4.482000000000000000e+03,5.719765625000000000e+02,1.688234252929687500e+03
4.483000000000000000e+03,5.705366210937500000e+02,8.184440917968750000e+02
4.484000000000000000e+03,5.885185546875000000e+02,1.392565551757812500e+03
4.485000000000000000e+03,5.670063476562500000e+02,1.562049438476562500e+03
4.486000000000000000e+03,5.361525268554687500e+02,1.212623413085937500e+03
4.487000000000000000e+03,6.131530151367187500e+02,7.895703735351562500e+02
4.488000000000000000e+03,5.579669799804687500e+02,9.217774047851562500e+02
4.489000000000000000e+03,6.146218872070312500e+02,1.202995971679687500e+03
4.490000000000000000e+03,5.266835327148437500e+02,8.650250244140625000e+02
4.491000000000000000e+03,5.180717163085937500e+02,7.833655395507812500e+02
4.492000000000000000e+03,5.765650634765625000e+02,8.095559692382812500e+02
4.493000000000000000e+03,5.560638427734375000e+02,1.131702026367187500e+03
4.494000000000000000e+03,5.767976074218750000e+02,7.965592041015625000e+02
4.495000000000000000e+03,5.444080810546875000e+02,9.048973388671875000e+02
4.496000000000000000e+03,5.275308837890625000e+02,8.569252319335937500e+02
4.497000000000000000e+03,5.198538818359375000e+02,7.691708374023437500e+02
4.498000000000000000e+03,5.245400390625000000e+02,9.772923583984375000e+02
4.499000000000000000e+03,5.758489990234375000e+02,7.814519042968750000e+02
4.500000000000000000e+03,6.176339111328125000e+02,7.659362182617187500e+02
4.501000000000000000e+03,5.204718627929687500e+02,1.789409057617187500e+03
4.502000000000000000e+03,5.549208984375000000e+02,8.056210937500000000e+02
4.503000000000000000e+03,5.178572387695312500e+02,8.540328369140625000e+02
4.504000000000000000e+03,5.250222167968750000e+02,1.291202514648437500e+03
4.505000000000000000e+03,5.595864868164062500e+02,9.701412963867187500e+02
4.506000000000000000e+03,5.341464843750000000e+02,1.587909667968750000e+03
4.507000000000000000e+03,5.546160888671875000e+02,7.654856567382812500e+02
4.508000000000000000e+03,5.442028198242187500e+02,7.697801513671875000e+02
4.509000000000000000e+03,5.318746948242187500e+02,9.856801147460937500e+02
4.510000000000000000e+03,5.515089111328125000e+02,8.449630126953125000e+02
4.511000000000000000e+03,5.178381347656250000e+02,7.975944213867187500e+02
4.512000000000000000e+03,5.377368774414062500e+02,1.904290283203125000e+03
4.513000000000000000e+03,6.106087646484375000e+02,1.760411865234375000e+03
4.514000000000000000e+03,5.704081420898437500e+02,8.318721923828125000e+02
4.515000000000000000e+03,6.009903564453125000e+02,8.214852294921875000e+02
4.516000000000000000e+03,5.589895019531250000e+02,8.276058349609375000e+02
4.517000000000000000e+03,5.442075195312500000e+02,8.011835327148437500e+02
4.518000000000000000e+03,5.207483520507812500e+02,7.735723266601562500e+02
4.519000000000000000e+03,5.301155395507812500e+02,7.928688354492187500e+02
4.520000000000000000e+03,5.489558105468750000e+02,7.886425170898437500e+02
4.521000000000000000e+03,5.671455078125000000e+02,9.246181640625000000e+02
4.522000000000000000e+03,5.074651489257812500e+02,1.440436401367187500e+03
4.523000000000000000e+03,5.465005493164062500e+02,9.366192016601562500e+02
4.524000000000000000e+03,5.065262756347656250e+02,9.016128540039062500e+02
4.525000000000000000e+03,5.247160644531250000e+02,8.297898559570312500e+02
4.526000000000000000e+03,5.793812255859375000e+02,1.436623535156250000e+03
4.527000000000000000e+03,6.127110595703125000e+02,1.018949157714843750e+03
4.528000000000000000e+03,6.078344116210937500e+02,7.677144165039062500e+02
4.529000000000000000e+03,5.407911987304687500e+02,8.892094726562500000e+02
4.530000000000000000e+03,6.081596679687500000e+02,9.168890380859375000e+02
4.531000000000000000e+03,5.561945190429687500e+02,7.745657958984375000e+02
4.532000000000000000e+03,6.378071899414062500e+02,8.880022583007812500e+02
4.533000000000000000e+03,5.398247680664062500e+02,1.493316284179687500e+03
4.534000000000000000e+03,5.760244140625000000e+02,7.782247314453125000e+02
4.535000000000000000e+03,5.670130004882812500e+02,7.954103393554687500e+02
4.536000000000000000e+03,5.802541503906250000e+02,8.421424560546875000e+02
4.537000000000000000e+03,5.355182495117187500e+02,7.764036254882812500e+02
4.538000000000000000e+03,5.729808959960937500e+02,1.147286621093750000e+03
4.539000000000000000e+03,5.020413208007812500e+02,8.456535644531250000e+02
4.540000000000000000e+03,4.948880310058593750e+02,1.468596679687500000e+03
4.541000000000000000e+03,5.225260009765625000e+02,1.257197631835937500e+03
4.542000000000000000e+03,5.595962524414062500e+02,7.903618164062500000e+02
4.543000000000000000e+03,5.742453613281250000e+02,8.076210937500000000e+02
4.544000000000000000e+03,4.636482543945312500e+02,1.030420654296875000e+03
4.545000000000000000e+03,5.232127685546875000e+02,1.384027099609375000e+03
4.546000000000000000e+03,5.249898071289062500e+02,8.556851806640625000e+02
4.547000000000000000e+03,5.469782104492187500e+02,7.825473022460937500e+02
4.548000000000000000e+03,5.518096313476562500e+02,9.176057128906250000e+02
4.549000000000000000e+03,5.694714965820312500e+02,9.430108642578125000e+02
4.550000000000000000e+03,5.509019165039062500e+02,1.180318969726562500e+03
4.551000000000000000e+03,5.305062866210937500e+02,1.695876342773437500e+03
4.552000000000000000e+03,5.312405395507812500e+02,7.670394287109375000e+02
4.553000000000000000e+03,5.697152709960937500e+02,8.466636352539062500e+02
4.554000000000000000e+03,5.513268432617187500e+02,7.827274169921875000e+02
4.555000000000000000e+03,6.084140625000000000e+02,8.962564086914062500e+02
4.556000000000000000e+03,5.746506958007812500e+02,7.914309082031250000e+02
4.557000000000000000e+03,5.276987304687500000e+02,1.047518432617187500e+03
4.558000000000000000e+03,5.162152099609375000e+02,1.092331909179687500e+03
4.559000000000000000e+03,5.019835510253906250e+02,9.132606811523437500e+02
4.560000000000000000e+03,5.258687744140625000e+02,8.406802978515625000e+02
4.561000000000000000e+03,6.214740600585937500e+02,7.958153686523437500e+02
4.562000000000000000e+03,5.411879882812500000e+02,8.324815673828125000e+02
4.563000000000000000e+03,4.814947204589843750e+02,8.927053222656250000e+02
4.564000000000000000e+03,5.550062866210937500e+02,7.661553955078125000e+02
4.565000000000000000e+03,5.574362182617187500e+02,8.045771484375000000e+02
4.566000000000000000e+03,5.530319824218750000e+02,8.283599243164062500e+02
4.567000000000000000e+03,5.304009399414062500e+02,8.562315673828125000e+02
4.568000000000000000e+03,5.759361572265625000e+02,7.711319580078125000e+02
4.569000000000000000e+03,5.106454162597656250e+02,7.698924560546875000e+02
4.570000000000000000e+03,5.790598754882812500e+02,7.891473999023437500e+02
4.571000000000000000e+03,5.622584838867187500e+02,9.821306152343750000e+02
4.572000000000000000e+03,4.988176269531250000e+02,1.887879028320312500e+03
4.573000000000000000e+03,5.263175048828125000e+02,8.724718627929687500e+02
4.574000000000000000e+03,5.461653442382812500e+02,8.012576293945312500e+02
4.575000000000000000e+03,4.943459167480468750e+02,9.255179443359375000e+02
4.576000000000000000e+03,5.599117431640625000e+02,7.857390747070312500e+02
4.577000000000000000e+03,5.457725219726562500e+02,7.774950561523437500e+02
4.578000000000000000e+03,5.580477294921875000e+02,7.998260498046875000e+02
4.579000000000000000e+03,5.477338256835937500e+02,1.054613769531250000e+03
4.580000000000000000e+03,6.082924804687500000e+02,8.582293701171875000e+02
4.581000000000000000e+03,5.761749877929687500e+02,1.226872924804687500e+03
4.582000000000000000e+03,5.413326416015625000e+02,8.015256958007812500e+02
4.583000000000000000e+03,5.565572509765625000e+02,8.237747192382812500e+02
4.584000000000000000e+03,5.162536010742187500e+02,7.815725708007812500e+02
4.585000000000000000e+03,4.976262512207031250e+02,7.668546142578125000e+02
4.586000000000000000e+03,6.228562011718750000e+02,7.904808959960937500e+02
4.587000000000000000e+03,5.336520996093750000e+02,7.707061767578125000e+02
4.588000000000000000e+03,6.095197753906250000e+02,9.973565673828125000e+02
4.589000000000000000e+03,5.616965332031250000e+02,1.696536132812500000e+03
4.590000000000000000e+03,5.369585571289062500e+02,7.684094848632812500e+02
4.591000000000000000e+03,5.678118896484375000e+02,7.709617919921875000e+02
4.592000000000000000e+03,5.672096557617187500e+02,7.956564941406250000e+02
4.593000000000000000e+03,5.506344604492187500e+02,7.667230834960937500e+02
4.594000000000000000e+03,5.359733886718750000e+02,9.388262939453125000e+02
4.595000000000000000e+03,5.972006835937500000e+02,9.099675292968750000e+02
4.596000000000000000e+03,5.274857177734375000e+02,9.288238525390625000e+02
4.597000000000000000e+03,5.616413574218750000e+02,1.934140991210937500e+03
4.598000000000000000e+03,5.243601074218750000e+02,8.117282714843750000e+02
4.599000000000000000e+03,5.402209472656250000e+02,9.642383422851562500e+02
4.600000000000000000e+03,5.563336791992187500e+02,1.158178710937500000e+03
4.601000000000000000e+03,5.807625732421875000e+02,1.115516601562500000e+03
4.602000000000000000e+03,6.192062377929687500e+02,7.689104003906250000e+02
4.603000000000000000e+03,5.537956542968750000e+02,9.724024047851562500e+02
4.604000000000000000e+03,5.585308837890625000e+02,7.754603271484375000e+02
4.605000000000000000e+03,6.136962280273437500e+02,7.886516723632812500e+02
4.606000000000000000e+03,6.406654663085937500e+02,7.956595458984375000e+02
4.607000000000000000e+03,6.070391845703125000e+02,7.675147705078125000e+02
4.608000000000000000e+03,5.122988281250000000e+02,1.445226806640625000e+03
4.609000000000000000e+03,5.812507324218750000e+02,8.622417602539062500e+02
4.610000000000000000e+03,5.609091186523437500e+02,7.695803222656250000e+02
4.611000000000000000e+03,5.734703369140625000e+02,8.645923461914062500e+02
4.612000000000000000e+03,5.345435791015625000e+02,8.175845336914062500e+02
4.613000000000000000e+03,5.393665161132812500e+02,1.762491088867187500e+03
4.614000000000000000e+03,5.164174804687500000e+02,7.766268920898437500e+02
4.615000000000000000e+03,5.538870849609375000e+02,8.773016357421875000e+02
4.616000000000000000e+03,5.685656127929687500e+02,2.191051025390625000e+03
4.617000000000000000e+03,5.995346069335937500e+02,8.567384643554687500e+02
4.618000000000000000e+03,5.624940795898437500e+02,1.125878784179687500e+03
4.619000000000000000e+03,5.576739501953125000e+02,1.196868896484375000e+03
4.620000000000000000e+03,5.672072753906250000e+02,8.653789672851562500e+02
4.621000000000000000e+03,5.408157958984375000e+02,1.218400268554687500e+03
4.622000000000000000e+03,5.404740600585937500e+02,1.423191284179687500e+03
4.623000000000000000e+03,5.142479248046875000e+02,7.876429443359375000e+02
4.624000000000000000e+03,5.402269897460937500e+02,8.086305541992187500e+02
4.625000000000000000e+03,5.590150756835937500e+02,1.013910522460937500e+03
4.626000000000000000e+03,6.430276489257812500e+02,7.773570556640625000e+02
4.627000000000000000e+03,5.476925659179687500e+02,9.748341064453125000e+02
4.628000000000000000e+03,5.373747558593750000e+02,7.673366088867187500e+02
4.629000000000000000e+03,5.310772705078125000e+02,8.541366577148437500e+02
4.630000000000000000e+03,5.471603393554687500e+02,7.700849609375000000e+02
4.631000000000000000e+03,5.008871765136718750e+02,1.118092285156250000e+03
4.632000000000000000e+03,5.941641235351562500e+02,8.932265014648437500e+02
4.633000000000000000e+03,5.665526123046875000e+02,7.678104858398437500e+02
4.634000000000000000e+03,5.606778564453125000e+02,8.001331787109375000e+02
4.635000000000000000e+03,5.449049682617187500e+02,1.081496093750000000e+03
4.636000000000000000e+03,5.739776611328125000e+02,9.240598144531250000e+02
4.637000000000000000e+03,5.311458129882812500e+02,7.752463378906250000e+02
4.638000000000000000e+03,5.538818359375000000e+02,8.410888671875000000e+02
4.639000000000000000e+03,5.529367065429687500e+02,8.427740478515625000e+02
4.640000000000000000e+03,5.294316406250000000e+02,8.281913452148437500e+02
4.641000000000000000e+03,5.399692993164062500e+02,8.915513305664062500e+02
4.642000000000000000e+03,6.143147583007812500e+02,9.982988891601562500e+02
4.643000000000000000e+03,5.679895629882812500e+02,7.680169067382812500e+02
4.644000000000000000e+03,6.078739013671875000e+02,1.014580749511718750e+03
4.645000000000000000e+03,5.090292053222656250e+02,1.927707275390625000e+03
4.646000000000000000e+03,5.810885009765625000e+02,8.732780151367187500e+02
4.647000000000000000e+03,4.980011291503906250e+02,1.051300903320312500e+03
4.648000000000000000e+03,5.788070068359375000e+02,8.850475463867187500e+02
4.649000000000000000e+03,5.467158813476562500e+02,7.914595336914062500e+02
4.650000000000000000e+03,5.322474975585937500e+02,9.489395141601562500e+02
4.651000000000000000e+03,5.771428222656250000e+02,7.694899902343750000e+02
4.652000000000000000e+03,5.684486083984375000e+02,9.321412963867187500e+02
4.653000000000000000e+03,5.975982666015625000e+02,7.989829711914062500e+02
4.654000000000000000e+03,5.707533569335937500e+02,1.256606201171875000e+03
4.655000000000000000e+03,5.929050292968750000e+02,7.753615722656250000e+02
4.656000000000000000e+03,5.420054321289062500e+02,8.064778442382812500e+02
4.657000000000000000e+03,6.262778930664062500e+02,1.188219726562500000e+03
4.658000000000000000e+03,5.463312377929687500e+02,9.273713378906250000e+02
4.659000000000000000e+03,5.541574707031250000e+02,8.016351318359375000e+02
4.660000000000000000e+03,5.725321044921875000e+02,8.452557983398437500e+02
4.661000000000000000e+03,5.204217529296875000e+02,1.049327880859375000e+03
4.662000000000000000e+03,6.153566284179687500e+02,7.729800415039062500e+02
4.663000000000000000e+03,5.389083251953125000e+02,9.040380249023437500e+02
4.664000000000000000e+03,5.604895019531250000e+02,1.292738769531250000e+03
4.665000000000000000e+03,6.212985229492187500e+02,7.972989501953125000e+02
4.666000000000000000e+03,5.674905395507812500e+02,8.902824707031250000e+02
4.667000000000000000e+03,5.512189941406250000e+02,9.843853149414062500e+02
4.668000000000000000e+03,5.489979248046875000e+02,9.575820922851562500e+02
4.669000000000000000e+03,5.232532958984375000e+02,7.722700805664062500e+02
4.670000000000000000e+03,5.545193481445312500e+02,8.430980834960937500e+02
4.671000000000000000e+03,5.312697753906250000e+02,7.641403808593750000e+02
4.672000000000000000e+03,5.766512451171875000e+02,9.735842895507812500e+02
4.673000000000000000e+03,5.600093994140625000e+02,7.891033935546875000e+02
4.674000000000000000e+03,5.739760131835937500e+02,1.040944702148437500e+03
4.675000000000000000e+03,5.303271484375000000e+02,1.303041748046875000e+03
4.676000000000000000e+03,5.703262939453125000e+02,7.706730957031250000e+02
4.677000000000000000e+03,5.536719970703125000e+02,8.900843505859375000e+02
4.678000000000000000e+03,5.934688720703125000e+02,1.089877441406250000e+03
4.679000000000000000e+03,6.103046264648437500e+02,7.718334350585937500e+02
4.680000000000000000e+03,5.670944824218750000e+02,7.922455444335937500e+02
4.681000000000000000e+03,5.898098144531250000e+02,1.662338867187500000e+03
4.682000000000000000e+03,5.751717529296875000e+02,7.720106201171875000e+02
4.683000000000000000e+03,5.505928344726562500e+02,1.162842285156250000e+03
4.684000000000000000e+03,5.974820556640625000e+02,9.706116943359375000e+02
4.685000000000000000e+03,5.902492675781250000e+02,9.314157104492187500e+02
4.686000000000000000e+03,5.660620727539062500e+02,2.293936035156250000e+03
4.687000000000000000e+03,5.727238769531250000e+02,7.701505126953125000e+02
4.688000000000000000e+03,5.540369262695312500e+02,1.667145629882812500e+03
4.689000000000000000e+03,5.676295166015625000e+02,9.404235229492187500e+02
4.690000000000000000e+03,5.371708374023437500e+02,9.053916625976562500e+02
4.691000000000000000e+03,5.550745849609375000e+02,1.440165039062500000e+03
4.692000000000000000e+03,5.466094360351562500e+02,7.742538452148437500e+02
4.693000000000000000e+03,5.784967041015625000e+02,9.454224853515625000e+02
4.694000000000000000e+03,5.365248413085937500e+02,7.819889526367187500e+02
4.695000000000000000e+03,5.846895751953125000e+02,8.102074584960937500e+02
4.696000000000000000e+03,6.123177490234375000e+02,8.123510131835937500e+02
4.697000000000000000e+03,5.638892822265625000e+02,8.097916870117187500e+02
4.698000000000000000e+03,5.506335449218750000e+02,8.177581787109375000e+02
4.699000000000000000e+03,5.458218994140625000e+02,7.678181152343750000e+02
4.700000000000000000e+03,6.321510620117187500e+02,8.704213256835937500e+02
4.701000000000000000e+03,5.589548950195312500e+02,7.830769042968750000e+02
4.702000000000000000e+03,5.456158447265625000e+02,7.713699951171875000e+02
4.703000000000000000e+03,5.717431030273437500e+02,1.052868530273437500e+03
4.704000000000000000e+03,5.639323730468750000e+02,9.013577880859375000e+02
4.705000000000000000e+03,5.167548828125000000e+02,7.745195312500000000e+02
4.706000000000000000e+03,5.899364624023437500e+02,7.673515014648437500e+02
4.707000000000000000e+03,5.008746337890625000e+02,9.044727172851562500e+02
4.708000000000000000e+03,5.340442504882812500e+02,8.512084960937500000e+02
4.709000000000000000e+03,5.797192993164062500e+02,8.363805541992187500e+02
4.710000000000000000e+03,5.210867309570312500e+02,9.614326171875000000e+02
4.711000000000000000e+03,5.419432373046875000e+02,1.001566589355468750e+03
4.712000000000000000e+03,5.672734375000000000e+02,9.002554931640625000e+02
4.713000000000000000e+03,5.902459106445312500e+02,8.811680297851562500e+02
4.714000000000000000e+03,6.087943725585937500e+02,7.638711547851562500e+02
4.715000000000000000e+03,5.649407348632812500e+02,7.649552001953125000e+02
4.716000000000000000e+03,6.051687622070312500e+02,9.910822753906250000e+02
4.717000000000000000e+03,5.092621154785156250e+02,7.803836059570312500e+02
4.718000000000000000e+03,5.579971923828125000e+02,9.048682250976562500e+02
4.719000000000000000e+03,5.406952514648437500e+02,8.629260253906250000e+02
4.720000000000000000e+03,5.236452636718750000e+02,1.184592773437500000e+03
4.721000000000000000e+03,5.707619018554687500e+02,8.584076538085937500e+02
4.722000000000000000e+03,6.154367065429687500e+02,7.717854003906250000e+02
4.723000000000000000e+03,5.235097045898437500e+02,1.081294921875000000e+03
4.724000000000000000e+03,5.536244506835937500e+02,1.005482543945312500e+03
4.725000000000000000e+03,5.532769165039062500e+02,8.930686645507812500e+02
4.726000000000000000e+03,5.697204589843750000e+02,8.216596069335937500e+02
4.727000000000000000e+03,5.320300903320312500e+02,7.795997314453125000e+02
4.728000000000000000e+03,5.332982177734375000e+02,7.669036254882812500e+02
4.729000000000000000e+03,5.259454345703125000e+02,7.746013183593750000e+02
4.730000000000000000e+03,5.566432495117187500e+02,8.088013305664062500e+02
4.731000000000000000e+03,4.987378234863281250e+02,1.000836730957031250e+03
4.732000000000000000e+03,5.568083496093750000e+02,9.159036254882812500e+02
4.733000000000000000e+03,5.316569213867187500e+02,7.709201660156250000e+02
4.734000000000000000e+03,5.288401489257812500e+02,7.985604858398437500e+02
4.735000000000000000e+03,5.891882324218750000e+02,8.945139770507812500e+02
4.736000000000000000e+03,5.081802368164062500e+02,7.783896484375000000e+02
4.737000000000000000e+03,5.007385864257812500e+02,8.032707519531250000e+02
4.738000000000000000e+03,5.784875488281250000e+02,1.043042236328125000e+03
4.739000000000000000e+03,5.660108642578125000e+02,7.653149414062500000e+02
4.740000000000000000e+03,5.429263305664062500e+02,8.470982666015625000e+02
4.741000000000000000e+03,6.120447387695312500e+02,1.067467529296875000e+03
4.742000000000000000e+03,5.748862915039062500e+02,7.784918212890625000e+02
4.743000000000000000e+03,5.372247314453125000e+02,9.435123901367187500e+02
4.744000000000000000e+03,5.287980957031250000e+02,7.683937377929687500e+02
4.745000000000000000e+03,5.623677368164062500e+02,8.020858764648437500e+02
4.746000000000000000e+03,5.590424194335937500e+02,8.317500610351562500e+02
4.747000000000000000e+03,5.291033325195312500e+02,1.617266479492187500e+03
4.748000000000000000e+03,5.903527221679687500e+02,1.098535644531250000e+03
4.749000000000000000e+03,4.479940795898437500e+02,8.361414184570312500e+02
4.750000000000000000e+03,5.357530517578125000e+02,9.597318725585937500e+02
4.751000000000000000e+03,5.691221923828125000e+02,7.883203125000000000e+02
4.752000000000000000e+03,5.601367797851562500e+02,8.377422485351562500e+02
4.753000000000000000e+03,5.527141113281250000e+02,8.112600097656250000e+02
4.754000000000000000e+03,5.587463989257812500e+02,8.340344848632812500e+02
4.755000000000000000e+03,5.290983886718750000e+02,7.716833496093750000e+02
4.756000000000000000e+03,5.222130126953125000e+02,7.635223999023437500e+02
4.757000000000000000e+03,5.737566528320312500e+02,7.739911499023437500e+02
4.758000000000000000e+03,5.858648071289062500e+02,7.758455810546875000e+02
4.759000000000000000e+03,4.912008972167968750e+02,7.641770019531250000e+02
4.760000000000000000e+03,5.799615478515625000e+02,7.652391357421875000e+02
4.761000000000000000e+03,4.991299133300781250e+02,1.118106323242187500e+03
4.762000000000000000e+03,5.537089233398437500e+02,1.273002807617187500e+03
4.763000000000000000e+03,5.694155273437500000e+02,8.891575317382812500e+02
4.764000000000000000e+03,5.692760009765625000e+02,1.073245605468750000e+03
4.765000000000000000e+03,5.813682861328125000e+02,9.961515502929687500e+02
4.766000000000000000e+03,5.410270385742187500e+02,7.882484130859375000e+02
4.767000000000000000e+03,4.958456726074218750e+02,1.020414489746093750e+03
4.768000000000000000e+03,5.575105590820312500e+02,8.283657836914062500e+02
4.769000000000000000e+03,5.256604614257812500e+02,8.701712646484375000e+02
4.770000000000000000e+03,5.519421386718750000e+02,7.650534667968750000e+02
4.771000000000000000e+03,5.435203857421875000e+02,8.866890869140625000e+02
4.772000000000000000e+03,6.141790771484375000e+02,8.025515747070312500e+02
4.773000000000000000e+03,5.468305664062500000e+02,1.058220825195312500e+03
4.774000000000000000e+03,6.080260009765625000e+02,7.730612182617187500e+02
4.775000000000000000e+03,5.124500732421875000e+02,9.048994750976562500e+02
4.776000000000000000e+03,5.840155029296875000e+02,1.592618896484375000e+03
4.777000000000000000e+03,5.550661621093750000e+02,9.056979980468750000e+02
4.778000000000000000e+03,5.470267333984375000e+02,9.329702148437500000e+02
4.779000000000000000e+03,5.221665649414062500e+02,8.856846313476562500e+02
4.780000000000000000e+03,4.970938110351562500e+02,1.088968017578125000e+03
4.781000000000000000e+03,5.481619873046875000e+02,1.305440917968750000e+03
4.782000000000000000e+03,5.406997070312500000e+02,7.717843017578125000e+02
4.783000000000000000e+03,5.107176208496093750e+02,7.902218627929687500e+02
4.784000000000000000e+03,5.635600585937500000e+02,8.359871826171875000e+02
4.785000000000000000e+03,5.924141235351562500e+02,1.162453247070312500e+03
4.786000000000000000e+03,4.917894287109375000e+02,7.728318481445312500e+02
4.787000000000000000e+03,5.455266113281250000e+02,8.153032226562500000e+02
4.788000000000000000e+03,5.350355224609375000e+02,7.596467895507812500e+02
4.789000000000000000e+03,5.666448364257812500e+02,1.003393676757812500e+03
4.790000000000000000e+03,5.813373413085937500e+02,8.188164672851562500e+02
4.791000000000000000e+03,5.208237915039062500e+02,8.625906372070312500e+02
4.792000000000000000e+03,5.901792602539062500e+02,7.760760498046875000e+02
4.793000000000000000e+03,5.255147705078125000e+02,7.733725585937500000e+02
4.794000000000000000e+03,5.712069091796875000e+02,1.092676147460937500e+03
4.795000000000000000e+03,5.598781738281250000e+02,1.060427612304687500e+03
4.796000000000000000e+03,5.875639648437500000e+02,7.637429809570312500e+02
4.797000000000000000e+03,5.679340820312500000e+02,7.835582275390625000e+02
4.798000000000000000e+03,5.512174682617187500e+02,1.013753662109375000e+03
4.799000000000000000e+03,5.416392822265625000e+02,7.723291625976562500e+02
4.800000000000000000e+03,5.425369262695312500e+02,1.260098754882812500e+03
4.801000000000000000e+03,5.414732666015625000e+02,7.642251586914062500e+02
4.802000000000000000e+03,5.648276367187500000e+02,8.312941894531250000e+02
4.803000000000000000e+03,5.904776611328125000e+02,8.191192626953125000e+02
4.804000000000000000e+03,5.150391235351562500e+02,7.670493164062500000e+02
4.805000000000000000e+03,5.376739501953125000e+02,8.004761962890625000e+02
4.806000000000000000e+03,5.127422485351562500e+02,1.985456420898437500e+03
4.807000000000000000e+03,5.903478393554687500e+02,1.098529174804687500e+03
4.808000000000000000e+03,5.787741699218750000e+02,7.769385986328125000e+02
4.809000000000000000e+03,5.486671752929687500e+02,8.087754516601562500e+02
4.810000000000000000e+03,5.529015502929687500e+02,7.708548583984375000e+02
4.811000000000000000e+03,5.963394165039062500e+02,1.103701782226562500e+03
4.812000000000000000e+03,5.112344055175781250e+02,1.180952392578125000e+03
4.813000000000000000e+03,5.478583984375000000e+02,8.551449584960937500e+02
4.814000000000000000e+03,5.228733520507812500e+02,7.615747680664062500e+02
4.815000000000000000e+03,5.356441040039062500e+02,8.657948608398437500e+02
4.816000000000000000e+03,5.531541137695312500e+02,8.536590576171875000e+02
4.817000000000000000e+03,5.072858581542968750e+02,1.162286865234375000e+03
4.818000000000000000e+03,5.421707763671875000e+02,7.672843627929687500e+02
4.819000000000000000e+03,5.235441284179687500e+02,7.832770996093750000e+02
4.820000000000000000e+03,5.595640869140625000e+02,7.840789794921875000e+02
4.821000000000000000e+03,5.125501708984375000e+02,7.685599975585937500e+02
4.822000000000000000e+03,4.976059570312500000e+02,1.203385986328125000e+03
4.823000000000000000e+03,5.217339477539062500e+02,1.663841796875000000e+03
4.824000000000000000e+03,5.719960327148437500e+02,9.208450317382812500e+02
4.825000000000000000e+03,5.792453002929687500e+02,1.062153198242187500e+03
4.826000000000000000e+03,6.058469238281250000e+02,8.888538818359375000e+02
4.827000000000000000e+03,5.766939086914062500e+02,8.362103271484375000e+02
4.828000000000000000e+03,5.789909057617187500e+02,8.207541503906250000e+02
4.829000000000000000e+03,5.346410522460937500e+02,1.886124267578125000e+03
4.830000000000000000e+03,6.181860961914062500e+02,7.847382812500000000e+02
4.831000000000000000e+03,5.712772216796875000e+02,8.919200439453125000e+02
4.832000000000000000e+03,5.714576416015625000e+02,7.711581420898437500e+02
4.833000000000000000e+03,5.654617309570312500e+02,7.836748046875000000e+02
4.834000000000000000e+03,5.678270263671875000e+02,9.167639770507812500e+02
4.835000000000000000e+03,5.325731201171875000e+02,8.179593505859375000e+02
4.836000000000000000e+03,5.447862548828125000e+02,8.226870727539062500e+02
4.837000000000000000e+03,5.787551879882812500e+02,9.613580932617187500e+02
4.838000000000000000e+03,5.753148193359375000e+02,8.600954589843750000e+02
4.839000000000000000e+03,5.394573364257812500e+02,1.492520507812500000e+03
4.840000000000000000e+03,5.568126220703125000e+02,8.111255493164062500e+02
4.841000000000000000e+03,5.746067504882812500e+02,8.403070068359375000e+02
4.842000000000000000e+03,5.249226074218750000e+02,8.862670898437500000e+02
4.843000000000000000e+03,5.696215209960937500e+02,8.170811767578125000e+02
4.844000000000000000e+03,5.425870361328125000e+02,8.199547119140625000e+02
4.845000000000000000e+03,5.811524047851562500e+02,9.100444335937500000e+02
4.846000000000000000e+03,4.870588073730468750e+02,7.814492797851562500e+02
4.847000000000000000e+03,5.765461425781250000e+02,7.621428833007812500e+02
4.848000000000000000e+03,5.562318115234375000e+02,8.012999267578125000e+02
4.849000000000000000e+03,5.764202270507812500e+02,1.384932861328125000e+03
4.850000000000000000e+03,5.799147949218750000e+02,8.454843139648437500e+02
4.851000000000000000e+03,5.589107666015625000e+02,8.807474975585937500e+02
4.852000000000000000e+03,5.390483398437500000e+02,8.443751831054687500e+02
4.853000000000000000e+03,5.590809936523437500e+02,7.864150390625000000e+02
4.854000000000000000e+03,5.412470703125000000e+02,8.150693359375000000e+02
4.855000000000000000e+03,5.754946899414062500e+02,1.571051025390625000e+03
4.856000000000000000e+03,5.568617553710937500e+02,7.849896850585937500e+02
4.857000000000000000e+03,5.059888916015625000e+02,8.652709350585937500e+02
4.858000000000000000e+03,5.091124572753906250e+02,7.773324584960937500e+02
4.859000000000000000e+03,5.642373657226562500e+02,7.603591918945312500e+02
4.860000000000000000e+03,5.311271362304687500e+02,1.767196899414062500e+03
4.861000000000000000e+03,5.860187988281250000e+02,1.629847167968750000e+03
4.862000000000000000e+03,5.539319458007812500e+02,7.857991943359375000e+02
4.863000000000000000e+03,4.850594177246093750e+02,7.628654785156250000e+02
4.864000000000000000e+03,5.309670410156250000e+02,1.345625366210937500e+03
4.865000000000000000e+03,5.195848388671875000e+02,9.491520996093750000e+02
4.866000000000000000e+03,5.227479858398437500e+02,7.621591796875000000e+02
4.867000000000000000e+03,5.624136962890625000e+02,1.204258056640625000e+03
4.868000000000000000e+03,4.810397949218750000e+02,7.961259765625000000e+02
4.869000000000000000e+03,5.470732421875000000e+02,7.653998413085937500e+02
4.870000000000000000e+03,5.009364318847656250e+02,8.328441772460937500e+02
4.871000000000000000e+03,5.311875610351562500e+02,7.957555541992187500e+02
4.872000000000000000e+03,6.006976318359375000e+02,7.935805664062500000e+02
4.873000000000000000e+03,5.892852783203125000e+02,8.453798828125000000e+02
4.874000000000000000e+03,5.963681640625000000e+02,8.688778076171875000e+02
4.875000000000000000e+03,5.836029663085937500e+02,7.781223144531250000e+02
4.876000000000000000e+03,6.264426269531250000e+02,1.682389770507812500e+03
4.877000000000000000e+03,6.356396484375000000e+02,1.427698608398437500e+03
4.878000000000000000e+03,6.020167236328125000e+02,1.021002319335937500e+03
4.879000000000000000e+03,5.190875244140625000e+02,7.865164184570312500e+02
4.880000000000000000e+03,5.055227966308593750e+02,7.718077392578125000e+02
4.881000000000000000e+03,5.603833618164062500e+02,9.322623901367187500e+02
4.882000000000000000e+03,5.076028747558593750e+02,7.732476806640625000e+02
4.883000000000000000e+03,5.461901245117187500e+02,1.057782836914062500e+03
4.884000000000000000e+03,5.085659484863281250e+02,7.895164794921875000e+02
4.885000000000000000e+03,5.187127685546875000e+02,7.956619873046875000e+02
4.886000000000000000e+03,5.578417358398437500e+02,8.136763305664062500e+02
4.887000000000000000e+03,5.668464355468750000e+02,7.648081665039062500e+02
4.888000000000000000e+03,4.945713806152343750e+02,8.547633056640625000e+02
4.889000000000000000e+03,5.488684692382812500e+02,8.973554687500000000e+02
4.890000000000000000e+03,5.376147460937500000e+02,7.976569213867187500e+02
4.891000000000000000e+03,5.129418334960937500e+02,7.599432373046875000e+02
4.892000000000000000e+03,5.382096557617187500e+02,8.976891479492187500e+02
4.893000000000000000e+03,5.677373046875000000e+02,7.640169067382812500e+02
4.894000000000000000e+03,6.124533691406250000e+02,7.658475952148437500e+02
4.895000000000000000e+03,5.112395935058593750e+02,7.910203857421875000e+02
4.896000000000000000e+03,5.563684082031250000e+02,9.716250610351562500e+02
4.897000000000000000e+03,5.564574584960937500e+02,8.362594604492187500e+02
4.898000000000000000e+03,5.057425231933593750e+02,1.486590332031250000e+03
4.899000000000000000e+03,5.551972045898437500e+02,8.334545898437500000e+02
4.900000000000000000e+03,5.390731201171875000e+02,1.260023437500000000e+03
4.901000000000000000e+03,5.577694091796875000e+02,8.228789062500000000e+02
4.902000000000000000e+03,5.058254089355468750e+02,8.365111083984375000e+02
4.903000000000000000e+03,5.549570922851562500e+02,7.919282836914062500e+02
4.904000000000000000e+03,4.639526672363281250e+02,7.803441772460937500e+02
4.905000000000000000e+03,5.763070068359375000e+02,1.017496337890625000e+03
4.906000000000000000e+03,5.606361694335937500e+02,8.145384521484375000e+02
4.907000000000000000e+03,5.744844970703125000e+02,8.973276977539062500e+02
4.908000000000000000e+03,5.367673339843750000e+02,1.191511596679687500e+03
4.909000000000000000e+03,5.660961303710937500e+02,7.740792236328125000e+02
4.910000000000000000e+03,6.297622680664062500e+02,1.293947265625000000e+03
4.911000000000000000e+03,5.473601074218750000e+02,1.101931640625000000e+03
4.912000000000000000e+03,5.666340332031250000e+02,8.235203247070312500e+02
4.913000000000000000e+03,5.298901367187500000e+02,7.767792358398437500e+02
4.914000000000000000e+03,5.410430908203125000e+02,7.792121582031250000e+02
4.915000000000000000e+03,5.437723388671875000e+02,1.809323608398437500e+03
4.916000000000000000e+03,5.307208862304687500e+02,1.156030761718750000e+03
4.917000000000000000e+03,5.957479248046875000e+02,8.912128295898437500e+02
4.918000000000000000e+03,5.383737792968750000e+02,8.878550415039062500e+02
4.919000000000000000e+03,5.272621459960937500e+02,1.030118286132812500e+03
4.920000000000000000e+03,5.669137573242187500e+02,7.749730834960937500e+02
4.921000000000000000e+03,5.385145263671875000e+02,7.888813476562500000e+02
4.922000000000000000e+03,5.477496337890625000e+02,1.218561401367187500e+03
4.923000000000000000e+03,5.262267456054687500e+02,7.721626586914062500e+02
4.924000000000000000e+03,5.886835327148437500e+02,7.716137084960937500e+02
4.925000000000000000e+03,5.655296630859375000e+02,8.384625854492187500e+02
4.926000000000000000e+03,5.471816406250000000e+02,8.584743041992187500e+02
4.927000000000000000e+03,6.212586059570312500e+02,7.884296264648437500e+02
4.928000000000000000e+03,5.519254150390625000e+02,7.815955810546875000e+02
4.929000000000000000e+03,5.307352905273437500e+02,8.917214355468750000e+02
4.930000000000000000e+03,5.810994873046875000e+02,8.842322998046875000e+02
4.931000000000000000e+03,5.780793457031250000e+02,9.089241333007812500e+02
4.932000000000000000e+03,4.701615295410156250e+02,7.640581665039062500e+02
4.933000000000000000e+03,5.182423095703125000e+02,7.711093750000000000e+02
4.934000000000000000e+03,5.855266113281250000e+02,8.759694213867187500e+02
4.935000000000000000e+03,5.309609985351562500e+02,1.118290649414062500e+03
4.936000000000000000e+03,5.469335327148437500e+02,7.803811035156250000e+02
4.937000000000000000e+03,5.002643127441406250e+02,7.696707763671875000e+02
4.938000000000000000e+03,5.167288818359375000e+02,1.009392639160156250e+03
4.939000000000000000e+03,5.218300781250000000e+02,7.695530395507812500e+02
4.940000000000000000e+03,5.292391967773437500e+02,7.824567871093750000e+02
4.941000000000000000e+03,5.057007446289062500e+02,7.774039306640625000e+02
4.942000000000000000e+03,5.431663818359375000e+02,8.597331542968750000e+02
4.943000000000000000e+03,5.594594116210937500e+02,1.120464233398437500e+03
4.944000000000000000e+03,5.637902832031250000e+02,7.736827392578125000e+02
4.945000000000000000e+03,5.617854614257812500e+02,7.656696777343750000e+02
4.946000000000000000e+03,6.087167358398437500e+02,7.823671264648437500e+02
4.947000000000000000e+03,6.248289184570312500e+02,1.121118896484375000e+03
4.948000000000000000e+03,5.821798706054687500e+02,7.728225097656250000e+02
4.949000000000000000e+03,6.201311035156250000e+02,8.482528686523437500e+02
4.950000000000000000e+03,5.672902221679687500e+02,9.908546752929687500e+02
4.951000000000000000e+03,5.156201171875000000e+02,7.761651000976562500e+02
4.952000000000000000e+03,5.313682861328125000e+02,8.427684936523437500e+02
4.953000000000000000e+03,5.012517089843750000e+02,8.575125732421875000e+02
4.954000000000000000e+03,5.436625976562500000e+02,8.549497680664062500e+02
4.955000000000000000e+03,5.301405029296875000e+02,8.151237792968750000e+02
4.956000000000000000e+03,5.868516235351562500e+02,7.805399169921875000e+02
4.957000000000000000e+03,5.473386230468750000e+02,1.017202880859375000e+03
4.958000000000000000e+03,5.605548706054687500e+02,8.906132202148437500e+02
4.959000000000000000e+03,5.942973022460937500e+02,8.700062255859375000e+02
4.960000000000000000e+03,5.996665039062500000e+02,9.050080566406250000e+02
4.961000000000000000e+03,5.362223510742187500e+02,8.448205566406250000e+02
4.962000000000000000e+03,5.888977050781250000e+02,8.951237792968750000e+02
4.963000000000000000e+03,6.055043334960937500e+02,7.884981079101562500e+02
4.964000000000000000e+03,5.148197631835937500e+02,8.401060791015625000e+02
4.965000000000000000e+03,4.999216918945312500e+02,9.983889770507812500e+02
4.966000000000000000e+03,6.359598999023437500e+02,8.273314208984375000e+02
4.967000000000000000e+03,5.675906372070312500e+02,8.804613647460937500e+02
4.968000000000000000e+03,5.822024536132812500e+02,8.436229858398437500e+02
4.969000000000000000e+03,5.145786743164062500e+02,8.425669555664062500e+02
4.970000000000000000e+03,5.363072509765625000e+02,1.116108276367187500e+03
4.971000000000000000e+03,5.190287475585937500e+02,7.607625732421875000e+02
4.972000000000000000e+03,5.101032409667968750e+02,8.058048706054687500e+02
4.973000000000000000e+03,5.426806030273437500e+02,8.003106079101562500e+02
4.974000000000000000e+03,5.467922363281250000e+02,8.443135375976562500e+02
4.975000000000000000e+03,5.835610351562500000e+02,1.188546997070312500e+03
4.976000000000000000e+03,5.456873779296875000e+02,1.229572509765625000e+03
4.977000000000000000e+03,5.921701049804687500e+02,1.461148803710937500e+03
4.978000000000000000e+03,5.484278564453125000e+02,1.121177490234375000e+03
4.979000000000000000e+03,5.272605590820312500e+02,8.707896728515625000e+02
4.980000000000000000e+03,5.547634887695312500e+02,7.636347045898437500e+02
4.981000000000000000e+03,5.374753417968750000e+02,1.132454345703125000e+03
4.982000000000000000e+03,5.340557861328125000e+02,8.274913330078125000e+02
4.983000000000000000e+03,5.349039916992187500e+02,7.767387084960937500e+02
4.984000000000000000e+03,5.568727416992187500e+02,7.737320556640625000e+02
4.985000000000000000e+03,5.036400146484375000e+02,8.145189208984375000e+02
4.986000000000000000e+03,6.009234619140625000e+02,7.800016479492187500e+02
4.987000000000000000e+03,5.508412475585937500e+02,2.721763671875000000e+03
4.988000000000000000e+03,6.379260253906250000e+02,7.756248168945312500e+02
4.989000000000000000e+03,4.742811889648437500e+02,8.224381713867187500e+02
4.990000000000000000e+03,5.164348754882812500e+02,8.099995727539062500e+02
4.991000000000000000e+03,5.497193603515625000e+02,7.783447875976562500e+02
4.992000000000000000e+03,5.539049682617187500e+02,7.898154296875000000e+02
4.993000000000000000e+03,5.224965209960937500e+02,1.175327026367187500e+03
4.994000000000000000e+03,5.400960693359375000e+02,2.076549072265625000e+03
4.995000000000000000e+03,5.933284912109375000e+02,8.595979003906250000e+02
4.996000000000000000e+03,5.495678100585937500e+02,1.137535278320312500e+03
4.997000000000000000e+03,5.471322631835937500e+02,8.586524047851562500e+02
4.998000000000000000e+03,5.143328247070312500e+02,7.969551391601562500e+02
4.999000000000000000e+03,5.609620361328125000e+02,7.577659912109375000e+02
5.000000000000000000e+03,6.027869873046875000e+02,7.706630859375000000e+02
5.001000000000000000e+03,5.472849121093750000e+02,7.576766357421875000e+02
5.002000000000000000e+03,5.830189819335937500e+02,7.898735351562500000e+02
5.003000000000000000e+03,5.627456054687500000e+02,1.102390136718750000e+03
5.004000000000000000e+03,5.296596069335937500e+02,8.361091918945312500e+02
5.005000000000000000e+03,5.320205688476562500e+02,7.662804565429687500e+02
5.006000000000000000e+03,5.352917480468750000e+02,8.462685546875000000e+02
5.007000000000000000e+03,5.621365966796875000e+02,8.146321411132812500e+02
5.008000000000000000e+03,6.003958740234375000e+02,1.256963134765625000e+03
5.009000000000000000e+03,5.526821289062500000e+02,7.795189208984375000e+02
5.010000000000000000e+03,5.411290283203125000e+02,8.848828735351562500e+02
5.011000000000000000e+03,5.316654052734375000e+02,7.681934204101562500e+02
5.012000000000000000e+03,5.536974487304687500e+02,1.337793212890625000e+03
5.013000000000000000e+03,5.028337707519531250e+02,8.894975585937500000e+02
5.014000000000000000e+03,5.610449218750000000e+02,7.869470214843750000e+02
5.015000000000000000e+03,5.869464721679687500e+02,7.687058105468750000e+02
5.016000000000000000e+03,5.814975585937500000e+02,7.701922607421875000e+02
5.017000000000000000e+03,5.666802978515625000e+02,1.536992187500000000e+03
5.018000000000000000e+03,5.271171264648437500e+02,7.892369995117187500e+02
5.019000000000000000e+03,5.276541137695312500e+02,8.451510620117187500e+02
5.020000000000000000e+03,5.491409912109375000e+02,8.032899169921875000e+02
5.021000000000000000e+03,5.614438476562500000e+02,1.014684997558593750e+03
5.022000000000000000e+03,5.141686401367187500e+02,1.222557006835937500e+03
5.023000000000000000e+03,5.551053466796875000e+02,8.607994995117187500e+02
5.024000000000000000e+03,5.074923706054687500e+02,9.582612915039062500e+02
5.025000000000000000e+03,5.726535644531250000e+02,8.478704833984375000e+02
5.026000000000000000e+03,5.810411987304687500e+02,9.174962768554687500e+02
5.027000000000000000e+03,5.740446166992187500e+02,9.737436523437500000e+02
5.028000000000000000e+03,5.406958007812500000e+02,1.128371093750000000e+03
5.029000000000000000e+03,5.815654907226562500e+02,7.712695312500000000e+02
5.030000000000000000e+03,5.466567993164062500e+02,7.784512939453125000e+02
5.031000000000000000e+03,5.080656127929687500e+02,1.012400451660156250e+03
5.032000000000000000e+03,5.622971801757812500e+02,1.258211425781250000e+03
5.033000000000000000e+03,5.317748413085937500e+02,9.124537353515625000e+02
5.034000000000000000e+03,5.382022094726562500e+02,7.716217651367187500e+02
5.035000000000000000e+03,5.422810668945312500e+02,7.750086669921875000e+02
5.036000000000000000e+03,5.253500976562500000e+02,8.755591430664062500e+02
5.037000000000000000e+03,5.358754272460937500e+02,1.169908935546875000e+03
5.038000000000000000e+03,5.638824462890625000e+02,8.821624755859375000e+02
5.039000000000000000e+03,5.255044555664062500e+02,8.649580688476562500e+02
5.040000000000000000e+03,5.484952392578125000e+02,8.495446777343750000e+02
5.041000000000000000e+03,5.337916870117187500e+02,7.953264160156250000e+02
5.042000000000000000e+03,6.004615478515625000e+02,8.636586914062500000e+02
5.043000000000000000e+03,5.532957153320312500e+02,7.716517944335937500e+02
5.044000000000000000e+03,5.966318969726562500e+02,9.247816162109375000e+02
5.045000000000000000e+03,5.318923339843750000e+02,8.725220336914062500e+02
5.046000000000000000e+03,5.523519897460937500e+02,1.132511108398437500e+03
5.047000000000000000e+03,5.111451721191406250e+02,1.918695312500000000e+03
5.048000000000000000e+03,5.664122314453125000e+02,1.314334716796875000e+03
5.049000000000000000e+03,5.720449218750000000e+02,7.587851562500000000e+02
5.050000000000000000e+03,5.868981323242187500e+02,7.602012939453125000e+02
5.051000000000000000e+03,5.952036743164062500e+02,7.614533691406250000e+02
5.052000000000000000e+03,5.081133117675781250e+02,1.548654296875000000e+03
5.053000000000000000e+03,5.622706298828125000e+02,8.451560058593750000e+02
5.054000000000000000e+03,5.895059814453125000e+02,9.396231079101562500e+02
5.055000000000000000e+03,5.161834106445312500e+02,8.266584472656250000e+02
5.056000000000000000e+03,5.844705810546875000e+02,7.910989379882812500e+02
5.057000000000000000e+03,5.794214477539062500e+02,7.625018920898437500e+02
5.058000000000000000e+03,5.388217773437500000e+02,1.392823364257812500e+03
5.059000000000000000e+03,5.512192993164062500e+02,1.333296997070312500e+03
5.060000000000000000e+03,5.234024658203125000e+02,7.641461791992187500e+02
5.061000000000000000e+03,5.560825805664062500e+02,9.916330566406250000e+02
5.062000000000000000e+03,5.281546020507812500e+02,8.007741088867187500e+02
5.063000000000000000e+03,5.392425537109375000e+02,1.614562866210937500e+03
5.064000000000000000e+03,5.857814941406250000e+02,7.737499389648437500e+02
5.065000000000000000e+03,6.035080566406250000e+02,7.605813598632812500e+02
5.066000000000000000e+03,5.049553222656250000e+02,7.672005004882812500e+02
5.067000000000000000e+03,5.428158569335937500e+02,7.622954101562500000e+02
5.068000000000000000e+03,5.376050415039062500e+02,1.236157104492187500e+03
5.069000000000000000e+03,5.406933593750000000e+02,8.566109619140625000e+02
5.070000000000000000e+03,5.224927368164062500e+02,1.361419921875000000e+03
5.071000000000000000e+03,5.512443847656250000e+02,1.081059692382812500e+03
5.072000000000000000e+03,5.158630371093750000e+02,8.035197143554687500e+02
5.073000000000000000e+03,5.257684326171875000e+02,7.701089477539062500e+02
5.074000000000000000e+03,5.677863769531250000e+02,8.176509399414062500e+02
5.075000000000000000e+03,5.270911254882812500e+02,9.323543701171875000e+02
5.076000000000000000e+03,5.610376586914062500e+02,8.015538940429687500e+02
5.077000000000000000e+03,5.029942016601562500e+02,1.576182983398437500e+03
5.078000000000000000e+03,5.213729248046875000e+02,1.398068847656250000e+03
5.079000000000000000e+03,5.565817260742187500e+02,7.683939208984375000e+02
5.080000000000000000e+03,5.595288085937500000e+02,7.984805297851562500e+02
5.081000000000000000e+03,5.566431274414062500e+02,1.094838134765625000e+03
5.082000000000000000e+03,5.097904357910156250e+02,8.292733764648437500e+02
5.083000000000000000e+03,6.090596313476562500e+02,8.577236938476562500e+02
5.084000000000000000e+03,5.633449707031250000e+02,9.040948486328125000e+02
5.085000000000000000e+03,6.056157226562500000e+02,1.833916625976562500e+03
5.086000000000000000e+03,6.059940185546875000e+02,1.011410156250000000e+03
5.087000000000000000e+03,5.719089965820312500e+02,8.420188598632812500e+02
5.088000000000000000e+03,4.841431884765625000e+02,7.757489013671875000e+02
5.089000000000000000e+03,5.221552734375000000e+02,8.497877807617187500e+02
5.090000000000000000e+03,5.791789550781250000e+02,8.469504394531250000e+02
5.091000000000000000e+03,5.636058349609375000e+02,1.068360595703125000e+03
5.092000000000000000e+03,5.417219848632812500e+02,1.385124145507812500e+03
5.093000000000000000e+03,5.421938476562500000e+02,8.991987915039062500e+02
5.094000000000000000e+03,5.344736938476562500e+02,7.715191040039062500e+02
5.095000000000000000e+03,5.673621826171875000e+02,1.040052978515625000e+03
5.096000000000000000e+03,5.225935058593750000e+02,7.935728149414062500e+02
5.097000000000000000e+03,6.016083984375000000e+02,7.772793579101562500e+02
5.098000000000000000e+03,5.410304565429687500e+02,9.465579223632812500e+02
5.099000000000000000e+03,5.450719604492187500e+02,7.629475097656250000e+02
5.100000000000000000e+03,5.746098022460937500e+02,1.013145996093750000e+03
5.101000000000000000e+03,5.366994018554687500e+02,1.639737548828125000e+03
5.102000000000000000e+03,5.264860229492187500e+02,1.531828491210937500e+03
5.103000000000000000e+03,5.398352661132812500e+02,1.196277343750000000e+03
5.104000000000000000e+03,5.723095703125000000e+02,7.602359619140625000e+02
5.105000000000000000e+03,5.682615966796875000e+02,8.107401123046875000e+02
5.106000000000000000e+03,5.466427612304687500e+02,1.007607116699218750e+03
5.107000000000000000e+03,5.308758544921875000e+02,8.106839599609375000e+02
5.108000000000000000e+03,5.446835327148437500e+02,9.270853271484375000e+02
5.109000000000000000e+03,5.543661499023437500e+02,8.693424682617187500e+02
5.110000000000000000e+03,5.580883789062500000e+02,8.734171142578125000e+02
5.111000000000000000e+03,5.255657348632812500e+02,7.582963256835937500e+02
5.112000000000000000e+03,5.301744384765625000e+02,9.106829223632812500e+02
5.113000000000000000e+03,5.234713134765625000e+02,7.590517578125000000e+02
5.114000000000000000e+03,5.133753051757812500e+02,8.754556274414062500e+02
5.115000000000000000e+03,5.790573730468750000e+02,7.694278564453125000e+02
5.116000000000000000e+03,5.409871826171875000e+02,8.129700317382812500e+02
5.117000000000000000e+03,5.587703857421875000e+02,1.065737915039062500e+03
5.118000000000000000e+03,5.672487792968750000e+02,7.632005004882812500e+02
5.119000000000000000e+03,5.724332275390625000e+02,7.981998901367187500e+02
5.120000000000000000e+03,5.700634765625000000e+02,1.095326293945312500e+03
5.121000000000000000e+03,5.428816528320312500e+02,7.645961914062500000e+02
5.122000000000000000e+03,5.487726440429687500e+02,8.001605224609375000e+02
5.123000000000000000e+03,5.533051147460937500e+02,8.662759399414062500e+02
5.124000000000000000e+03,5.542575683593750000e+02,8.289956665039062500e+02
5.125000000000000000e+03,5.509066772460937500e+02,1.118808105468750000e+03
5.126000000000000000e+03,5.263320922851562500e+02,7.977380371093750000e+02
5.127000000000000000e+03,4.944022216796875000e+02,1.369776123046875000e+03
5.128000000000000000e+03,5.554097290039062500e+02,7.726101684570312500e+02
5.129000000000000000e+03,5.242447509765625000e+02,7.614500732421875000e+02
5.130000000000000000e+03,5.186718750000000000e+02,7.634955444335937500e+02
5.131000000000000000e+03,5.330169067382812500e+02,7.677897338867187500e+02
5.132000000000000000e+03,5.538366699218750000e+02,1.181110351562500000e+03
5.133000000000000000e+03,6.084550781250000000e+02,7.721112060546875000e+02
5.134000000000000000e+03,5.966686401367187500e+02,8.048726806640625000e+02
5.135000000000000000e+03,5.637482910156250000e+02,8.547973022460937500e+02
5.136000000000000000e+03,5.686633911132812500e+02,8.871519775390625000e+02
5.137000000000000000e+03,5.866434936523437500e+02,1.432515991210937500e+03
5.138000000000000000e+03,6.254296875000000000e+02,1.210585327148437500e+03
5.139000000000000000e+03,5.223826293945312500e+02,7.727163085937500000e+02
5.140000000000000000e+03,5.291172485351562500e+02,7.745323486328125000e+02
5.141000000000000000e+03,5.686361694335937500e+02,7.809541625976562500e+02
5.142000000000000000e+03,5.382125854492187500e+02,9.458082275390625000e+02
5.143000000000000000e+03,5.464857177734375000e+02,7.569877319335937500e+02
5.144000000000000000e+03,5.202910766601562500e+02,1.550311279296875000e+03
5.145000000000000000e+03,5.282722167968750000e+02,7.697645263671875000e+02
5.146000000000000000e+03,5.669704589843750000e+02,7.862025756835937500e+02
5.147000000000000000e+03,4.974978942871093750e+02,7.879763793945312500e+02
5.148000000000000000e+03,5.532417602539062500e+02,8.928811645507812500e+02
5.149000000000000000e+03,4.671947021484375000e+02,1.177112792968750000e+03
5.150000000000000000e+03,4.935031738281250000e+02,1.060986083984375000e+03
5.151000000000000000e+03,5.570058593750000000e+02,7.842572021484375000e+02
5.152000000000000000e+03,4.936937866210937500e+02,7.605205078125000000e+02
5.153000000000000000e+03,5.224761352539062500e+02,8.027017211914062500e+02
5.154000000000000000e+03,5.989904785156250000e+02,7.594270019531250000e+02
5.155000000000000000e+03,5.143861694335937500e+02,1.218167846679687500e+03
5.156000000000000000e+03,5.176969604492187500e+02,9.014331665039062500e+02
5.157000000000000000e+03,5.443436889648437500e+02,7.974140014648437500e+02
5.158000000000000000e+03,5.347556762695312500e+02,7.619318847656250000e+02
5.159000000000000000e+03,5.440238647460937500e+02,8.633178100585937500e+02
5.160000000000000000e+03,5.205917968750000000e+02,1.432690673828125000e+03
5.161000000000000000e+03,5.190648193359375000e+02,8.279901123046875000e+02
5.162000000000000000e+03,5.316809082031250000e+02,1.317499877929687500e+03
5.163000000000000000e+03,5.189177246093750000e+02,8.338096313476562500e+02
5.164000000000000000e+03,5.589345092773437500e+02,7.699528808593750000e+02
5.165000000000000000e+03,4.941815185546875000e+02,9.335748291015625000e+02
5.166000000000000000e+03,5.407492065429687500e+02,7.659866333007812500e+02
5.167000000000000000e+03,5.603295288085937500e+02,1.241436523437500000e+03
5.168000000000000000e+03,5.254478149414062500e+02,1.028440917968750000e+03
5.169000000000000000e+03,5.654739379882812500e+02,7.594415893554687500e+02
5.170000000000000000e+03,5.341983032226562500e+02,7.631345214843750000e+02
5.171000000000000000e+03,5.761339111328125000e+02,7.840619506835937500e+02
5.172000000000000000e+03,5.578607788085937500e+02,7.991274414062500000e+02
5.173000000000000000e+03,5.177011718750000000e+02,9.117500610351562500e+02
5.174000000000000000e+03,5.288255615234375000e+02,7.791798706054687500e+02
5.175000000000000000e+03,5.635946655273437500e+02,7.662739868164062500e+02
5.176000000000000000e+03,5.122313232421875000e+02,8.027269897460937500e+02
5.177000000000000000e+03,5.044423828125000000e+02,7.627933349609375000e+02
5.178000000000000000e+03,5.411779174804687500e+02,7.618244628906250000e+02
5.179000000000000000e+03,5.117525939941406250e+02,9.656932373046875000e+02
5.180000000000000000e+03,5.120174560546875000e+02,9.224039916992187500e+02
5.181000000000000000e+03,5.188193359375000000e+02,8.933260498046875000e+02
5.182000000000000000e+03,5.190010986328125000e+02,1.041717651367187500e+03
5.183000000000000000e+03,5.169323730468750000e+02,7.860863647460937500e+02
5.184000000000000000e+03,5.302091064453125000e+02,1.811740112304687500e+03
5.185000000000000000e+03,5.915554199218750000e+02,7.614685668945312500e+02
5.186000000000000000e+03,5.918751220703125000e+02,1.115256713867187500e+03
5.187000000000000000e+03,5.371926879882812500e+02,8.096281127929687500e+02
5.188000000000000000e+03,5.431649780273437500e+02,8.248053588867187500e+02
5.189000000000000000e+03,4.986905212402343750e+02,7.971558837890625000e+02
5.190000000000000000e+03,5.170064086914062500e+02,1.214862060546875000e+03
5.191000000000000000e+03,6.011082763671875000e+02,7.738202514648437500e+02
5.192000000000000000e+03,5.358195190429687500e+02,9.202070922851562500e+02
5.193000000000000000e+03,5.811492309570312500e+02,1.028274047851562500e+03
5.194000000000000000e+03,5.903050537109375000e+02,7.628018188476562500e+02
5.195000000000000000e+03,5.537342529296875000e+02,7.622716064453125000e+02
5.196000000000000000e+03,5.555184326171875000e+02,7.729349975585937500e+02
5.197000000000000000e+03,5.248788452148437500e+02,1.275956542968750000e+03
5.198000000000000000e+03,5.230811157226562500e+02,1.480354492187500000e+03
5.199000000000000000e+03,5.537783203125000000e+02,8.526245727539062500e+02
5.200000000000000000e+03,5.566557617187500000e+02,8.786398315429687500e+02
5.201000000000000000e+03,5.725878295898437500e+02,7.980308227539062500e+02
5.202000000000000000e+03,5.011741027832031250e+02,1.107516113281250000e+03
5.203000000000000000e+03,5.238887939453125000e+02,1.037467651367187500e+03
5.204000000000000000e+03,4.962387390136718750e+02,7.683673706054687500e+02
5.205000000000000000e+03,5.668925781250000000e+02,1.023108703613281250e+03
5.206000000000000000e+03,5.181079101562500000e+02,8.462544555664062500e+02
5.207000000000000000e+03,5.463658447265625000e+02,7.668995361328125000e+02
5.208000000000000000e+03,5.089827270507812500e+02,7.702833251953125000e+02
5.209000000000000000e+03,4.819399108886718750e+02,7.601338500976562500e+02
5.210000000000000000e+03,5.855161132812500000e+02,7.589917602539062500e+02
5.211000000000000000e+03,5.175114135742187500e+02,8.100842285156250000e+02
5.212000000000000000e+03,5.332729492187500000e+02,7.676303100585937500e+02
5.213000000000000000e+03,5.523474121093750000e+02,1.400369384765625000e+03
5.214000000000000000e+03,5.459497680664062500e+02,7.943031005859375000e+02
5.215000000000000000e+03,5.591960449218750000e+02,7.538605957031250000e+02
5.216000000000000000e+03,6.339552001953125000e+02,8.568886108398437500e+02
5.217000000000000000e+03,5.470797119140625000e+02,7.606399536132812500e+02
5.218000000000000000e+03,5.895112304687500000e+02,7.845401611328125000e+02
5.219000000000000000e+03,4.985909729003906250e+02,7.596422119140625000e+02
5.220000000000000000e+03,5.201538696289062500e+02,7.708078002929687500e+02
5.221000000000000000e+03,5.293394165039062500e+02,7.801102294921875000e+02
5.222000000000000000e+03,5.395715332031250000e+02,1.011177978515625000e+03
5.223000000000000000e+03,5.644977416992187500e+02,8.757119750976562500e+02
5.224000000000000000e+03,5.166396484375000000e+02,8.705867919921875000e+02
5.225000000000000000e+03,5.736380004882812500e+02,8.150217285156250000e+02
5.226000000000000000e+03,5.500274047851562500e+02,8.049698486328125000e+02
5.227000000000000000e+03,5.701331176757812500e+02,8.725542602539062500e+02
5.228000000000000000e+03,5.280261230468750000e+02,1.046112548828125000e+03
5.229000000000000000e+03,5.091713867187500000e+02,1.113332031250000000e+03
5.230000000000000000e+03,5.340831909179687500e+02,1.453069824218750000e+03
5.231000000000000000e+03,5.518166503906250000e+02,8.136937255859375000e+02
5.232000000000000000e+03,5.763444824218750000e+02,8.248477172851562500e+02
5.233000000000000000e+03,5.504007568359375000e+02,9.853972167968750000e+02
5.234000000000000000e+03,5.361275024414062500e+02,9.829152832031250000e+02
5.235000000000000000e+03,5.373071899414062500e+02,8.641597290039062500e+02
5.236000000000000000e+03,5.361371459960937500e+02,1.039705566406250000e+03
5.237000000000000000e+03,5.235946044921875000e+02,8.540869140625000000e+02
5.238000000000000000e+03,5.091419982910156250e+02,8.035433959960937500e+02
5.239000000000000000e+03,5.610296020507812500e+02,1.389202148437500000e+03
5.240000000000000000e+03,5.618203125000000000e+02,8.428236083984375000e+02
5.241000000000000000e+03,5.683417968750000000e+02,9.992492065429687500e+02
5.242000000000000000e+03,5.639406127929687500e+02,7.633103027343750000e+02
5.243000000000000000e+03,5.772852783203125000e+02,7.592479858398437500e+02
5.244000000000000000e+03,4.988860473632812500e+02,1.877566650390625000e+03
5.245000000000000000e+03,5.816259155273437500e+02,7.687293701171875000e+02
5.246000000000000000e+03,5.659683837890625000e+02,8.936594848632812500e+02
5.247000000000000000e+03,5.181463623046875000e+02,8.610468750000000000e+02
5.248000000000000000e+03,5.899727783203125000e+02,8.254356689453125000e+02
5.249000000000000000e+03,5.801555175781250000e+02,8.311231079101562500e+02
5.250000000000000000e+03,5.058157348632812500e+02,1.019850891113281250e+03
5.251000000000000000e+03,5.451071166992187500e+02,8.340920410156250000e+02
5.252000000000000000e+03,5.517390747070312500e+02,7.656533203125000000e+02
5.253000000000000000e+03,5.907774658203125000e+02,8.087786254882812500e+02
5.254000000000000000e+03,4.787489929199218750e+02,1.111623657226562500e+03
5.255000000000000000e+03,5.144936523437500000e+02,7.719761352539062500e+02
5.256000000000000000e+03,5.270325317382812500e+02,9.910316162109375000e+02
5.257000000000000000e+03,5.815466308593750000e+02,9.077969360351562500e+02
5.258000000000000000e+03,5.786314086914062500e+02,1.749568237304687500e+03
5.259000000000000000e+03,5.801656494140625000e+02,8.313558959960937500e+02
5.260000000000000000e+03,5.550435791015625000e+02,7.772070312500000000e+02
5.261000000000000000e+03,5.933367919921875000e+02,1.693737792968750000e+03
5.262000000000000000e+03,5.447883300781250000e+02,9.466243286132812500e+02
5.263000000000000000e+03,5.728361816406250000e+02,9.723071289062500000e+02
5.264000000000000000e+03,5.134606323242187500e+02,8.257789306640625000e+02
5.265000000000000000e+03,5.433984375000000000e+02,7.611356811523437500e+02
5.266000000000000000e+03,5.395949096679687500e+02,7.720148315429687500e+02
5.267000000000000000e+03,5.790134887695312500e+02,1.232068969726562500e+03
5.268000000000000000e+03,5.284900512695312500e+02,8.865809936523437500e+02
5.269000000000000000e+03,5.848120727539062500e+02,9.530001831054687500e+02
5.270000000000000000e+03,5.497327270507812500e+02,9.036694335937500000e+02
5.271000000000000000e+03,5.499604492187500000e+02,1.150449951171875000e+03
5.272000000000000000e+03,5.333904418945312500e+02,1.547800170898437500e+03
5.273000000000000000e+03,5.710025634765625000e+02,7.568017578125000000e+02
5.274000000000000000e+03,5.078266296386718750e+02,8.056531982421875000e+02
5.275000000000000000e+03,5.174426879882812500e+02,1.120031250000000000e+03
5.276000000000000000e+03,5.439031372070312500e+02,8.628510131835937500e+02
5.277000000000000000e+03,5.756154174804687500e+02,7.548078002929687500e+02
5.278000000000000000e+03,5.643223876953125000e+02,8.539993286132812500e+02
5.279000000000000000e+03,5.781244506835937500e+02,7.669794921875000000e+02
5.280000000000000000e+03,5.599602661132812500e+02,8.337539672851562500e+02
5.281000000000000000e+03,5.330467529296875000e+02,1.925499877929687500e+03
5.282000000000000000e+03,5.414259643554687500e+02,7.612348022460937500e+02
5.283000000000000000e+03,5.858641967773437500e+02,7.685654296875000000e+02
5.284000000000000000e+03,5.683132324218750000e+02,7.645347290039062500e+02
5.285000000000000000e+03,5.760805053710937500e+02,7.781705932617187500e+02
5.286000000000000000e+03,5.075782470703125000e+02,1.007784179687500000e+03
5.287000000000000000e+03,5.216887817382812500e+02,9.711853027343750000e+02
5.288000000000000000e+03,5.438900146484375000e+02,7.648463745117187500e+02
5.289000000000000000e+03,5.432929077148437500e+02,1.431818481445312500e+03
5.290000000000000000e+03,5.764942016601562500e+02,7.620585327148437500e+02
5.291000000000000000e+03,5.389426269531250000e+02,7.596761474609375000e+02
5.292000000000000000e+03,5.510123291015625000e+02,7.662709960937500000e+02
5.293000000000000000e+03,5.233787231445312500e+02,1.342893188476562500e+03
5.294000000000000000e+03,5.855114746093750000e+02,7.907551269531250000e+02
5.295000000000000000e+03,5.864187622070312500e+02,9.743688964843750000e+02
5.296000000000000000e+03,5.663088378906250000e+02,8.705443725585937500e+02
5.297000000000000000e+03,6.221577758789062500e+02,8.513034057617187500e+02
5.298000000000000000e+03,5.753189086914062500e+02,8.183121337890625000e+02
5.299000000000000000e+03,5.643730468750000000e+02,1.834886474609375000e+03
5.300000000000000000e+03,5.389263916015625000e+02,1.515123779296875000e+03
5.301000000000000000e+03,5.449291992187500000e+02,1.057463745117187500e+03
5.302000000000000000e+03,5.368090209960937500e+02,7.890912475585937500e+02
5.303000000000000000e+03,5.379118652343750000e+02,8.316940307617187500e+02
5.304000000000000000e+03,5.588589477539062500e+02,8.034111328125000000e+02
5.305000000000000000e+03,5.549696655273437500e+02,7.565543212890625000e+02
5.306000000000000000e+03,5.453872070312500000e+02,7.918986206054687500e+02
5.307000000000000000e+03,5.600026855468750000e+02,8.093054809570312500e+02
5.308000000000000000e+03,4.923288269042968750e+02,1.004495666503906250e+03
5.309000000000000000e+03,5.872726440429687500e+02,7.973359985351562500e+02
5.310000000000000000e+03,5.711548461914062500e+02,7.626680297851562500e+02
5.311000000000000000e+03,5.730708618164062500e+02,7.596613769531250000e+02
5.312000000000000000e+03,5.977589721679687500e+02,9.242509765625000000e+02
5.313000000000000000e+03,5.706585693359375000e+02,9.975136108398437500e+02
5.314000000000000000e+03,5.587916870117187500e+02,7.732642211914062500e+02
5.315000000000000000e+03,5.356987915039062500e+02,7.628856201171875000e+02
5.316000000000000000e+03,5.411077880859375000e+02,1.145684570312500000e+03
5.317000000000000000e+03,6.130819702148437500e+02,9.676303100585937500e+02
5.318000000000000000e+03,5.507242431640625000e+02,8.166157226562500000e+02
5.319000000000000000e+03,5.569775390625000000e+02,8.126663208007812500e+02
5.320000000000000000e+03,5.577836914062500000e+02,7.748486938476562500e+02
5.321000000000000000e+03,5.418262939453125000e+02,9.174420166015625000e+02
5.322000000000000000e+03,5.775773315429687500e+02,7.601673583984375000e+02
5.323000000000000000e+03,4.750942687988281250e+02,8.744150390625000000e+02
5.324000000000000000e+03,5.344612426757812500e+02,1.036474365234375000e+03
5.325000000000000000e+03,5.161987304687500000e+02,1.005915710449218750e+03
5.326000000000000000e+03,4.888135070800781250e+02,9.018941040039062500e+02
5.327000000000000000e+03,5.347611694335937500e+02,1.100760253906250000e+03
5.328000000000000000e+03,5.738213500976562500e+02,7.652395629882812500e+02
5.329000000000000000e+03,4.993803710937500000e+02,1.262497924804687500e+03
5.330000000000000000e+03,5.599635620117187500e+02,7.637436523437500000e+02
5.331000000000000000e+03,5.367229003906250000e+02,7.776607055664062500e+02
5.332000000000000000e+03,5.560062255859375000e+02,8.519368286132812500e+02
5.333000000000000000e+03,5.473538818359375000e+02,7.684676513671875000e+02
5.334000000000000000e+03,5.577215576171875000e+02,7.619447021484375000e+02
5.335000000000000000e+03,5.173672485351562500e+02,2.821445312500000000e+03
5.336000000000000000e+03,5.621387939453125000e+02,9.706206665039062500e+02
5.337000000000000000e+03,5.692791137695312500e+02,9.693098144531250000e+02
5.338000000000000000e+03,5.845007324218750000e+02,7.988201293945312500e+02
5.339000000000000000e+03,5.333092041015625000e+02,9.516624755859375000e+02
5.340000000000000000e+03,5.338500976562500000e+02,1.065320800781250000e+03
5.341000000000000000e+03,5.532051391601562500e+02,7.710370483398437500e+02
5.342000000000000000e+03,5.470569458007812500e+02,8.342885131835937500e+02
5.343000000000000000e+03,5.046454162597656250e+02,7.588437500000000000e+02
5.344000000000000000e+03,5.673679199218750000e+02,8.405764770507812500e+02
5.345000000000000000e+03,5.479180297851562500e+02,8.117187500000000000e+02
5.346000000000000000e+03,5.242446899414062500e+02,7.688959350585937500e+02
5.347000000000000000e+03,5.349473876953125000e+02,1.054806762695312500e+03
5.348000000000000000e+03,5.101715087890625000e+02,7.758552246093750000e+02
5.349000000000000000e+03,5.931373291015625000e+02,7.591373291015625000e+02
5.350000000000000000e+03,5.669194946289062500e+02,8.930421752929687500e+02
5.351000000000000000e+03,5.562989501953125000e+02,7.583209838867187500e+02
5.352000000000000000e+03,5.583811035156250000e+02,1.164843627929687500e+03
5.353000000000000000e+03,5.267136840820312500e+02,9.747702026367187500e+02
5.354000000000000000e+03,5.900209960937500000e+02,7.745413208007812500e+02
5.355000000000000000e+03,5.412151489257812500e+02,8.555120849609375000e+02
5.356000000000000000e+03,5.555504150390625000e+02,1.193352172851562500e+03
5.357000000000000000e+03,5.493706665039062500e+02,7.817975463867187500e+02
5.358000000000000000e+03,5.225531616210937500e+02,7.590678100585937500e+02
5.359000000000000000e+03,5.460615844726562500e+02,7.650231933593750000e+02
5.360000000000000000e+03,5.349368896484375000e+02,7.598078002929687500e+02
5.361000000000000000e+03,5.004925231933593750e+02,1.247565063476562500e+03
5.362000000000000000e+03,5.493712768554687500e+02,1.382901489257812500e+03
5.363000000000000000e+03,5.777778930664062500e+02,7.600143432617187500e+02
5.364000000000000000e+03,5.128757324218750000e+02,7.546752319335937500e+02
5.365000000000000000e+03,5.482779541015625000e+02,8.186339111328125000e+02
5.366000000000000000e+03,5.875429077148437500e+02,8.637532958984375000e+02
5.367000000000000000e+03,5.668810424804687500e+02,7.784573974609375000e+02
5.368000000000000000e+03,5.188341674804687500e+02,8.351519165039062500e+02
5.369000000000000000e+03,5.910175781250000000e+02,8.167982788085937500e+02
5.370000000000000000e+03,5.603195190429687500e+02,8.940421752929687500e+02
5.371000000000000000e+03,5.350833129882812500e+02,1.069070800781250000e+03
5.372000000000000000e+03,6.220808105468750000e+02,7.720807495117187500e+02
5.373000000000000000e+03,4.941119384765625000e+02,7.935465087890625000e+02
5.374000000000000000e+03,5.626782226562500000e+02,8.349898681640625000e+02
5.375000000000000000e+03,5.480341796875000000e+02,9.008843994140625000e+02
5.376000000000000000e+03,5.191138305664062500e+02,8.487266235351562500e+02
5.377000000000000000e+03,5.915521850585937500e+02,1.028502197265625000e+03
5.378000000000000000e+03,5.253268432617187500e+02,8.364404296875000000e+02
5.379000000000000000e+03,5.178269653320312500e+02,7.582197265625000000e+02
5.380000000000000000e+03,5.540423583984375000e+02,7.777637329101562500e+02
5.381000000000000000e+03,5.293699951171875000e+02,7.711577148437500000e+02
5.382000000000000000e+03,4.911150207519531250e+02,7.866297607421875000e+02
5.383000000000000000e+03,5.301502075195312500e+02,1.078069946289062500e+03
5.384000000000000000e+03,5.341721191406250000e+02,7.737025756835937500e+02
5.385000000000000000e+03,5.284979858398437500e+02,1.084012939453125000e+03
5.386000000000000000e+03,5.363261108398437500e+02,7.752505493164062500e+02
5.387000000000000000e+03,5.120825195312500000e+02,7.714396972656250000e+02
5.388000000000000000e+03,5.196428833007812500e+02,7.801358642578125000e+02
5.389000000000000000e+03,5.272904663085937500e+02,7.824515380859375000e+02
5.390000000000000000e+03,5.138448486328125000e+02,1.090867431640625000e+03
5.391000000000000000e+03,5.341568603515625000e+02,1.119516357421875000e+03
5.392000000000000000e+03,5.372964477539062500e+02,7.637487792968750000e+02
5.393000000000000000e+03,5.441606445312500000e+02,8.653262329101562500e+02
5.394000000000000000e+03,5.807769165039062500e+02,8.273789062500000000e+02
5.395000000000000000e+03,5.051263427734375000e+02,7.959691772460937500e+02
5.396000000000000000e+03,5.488392944335937500e+02,8.303147583007812500e+02
5.397000000000000000e+03,5.641483154296875000e+02,7.588693847656250000e+02
5.398000000000000000e+03,6.001141357421875000e+02,7.804989013671875000e+02
5.399000000000000000e+03,5.493728637695312500e+02,7.603190307617187500e+02
5.400000000000000000e+03,5.437171630859375000e+02,9.220133056640625000e+02
5.401000000000000000e+03,6.245151977539062500e+02,8.027508544921875000e+02
5.402000000000000000e+03,5.411948852539062500e+02,7.704761352539062500e+02
5.403000000000000000e+03,5.821159057617187500e+02,8.856909790039062500e+02
5.404000000000000000e+03,5.576706542968750000e+02,8.766837768554687500e+02
5.405000000000000000e+03,5.403773803710937500e+02,8.827976684570312500e+02
5.406000000000000000e+03,5.335949096679687500e+02,1.013156005859375000e+03
5.407000000000000000e+03,5.473067626953125000e+02,1.515850463867187500e+03
5.408000000000000000e+03,5.806590576171875000e+02,9.207872314453125000e+02
5.409000000000000000e+03,5.211259765625000000e+02,7.954282836914062500e+02
5.410000000000000000e+03,5.686422119140625000e+02,7.856747436523437500e+02
5.411000000000000000e+03,5.372661743164062500e+02,7.982388305664062500e+02
5.412000000000000000e+03,5.663350219726562500e+02,7.945727539062500000e+02
5.413000000000000000e+03,5.090264892578125000e+02,8.288213500976562500e+02
5.414000000000000000e+03,6.355667114257812500e+02,8.651392211914062500e+02
5.415000000000000000e+03,5.467657470703125000e+02,7.934461669921875000e+02
5.416000000000000000e+03,5.424430541992187500e+02,1.009689392089843750e+03
5.417000000000000000e+03,5.472476196289062500e+02,8.175830078125000000e+02
5.418000000000000000e+03,5.140246582031250000e+02,9.134492797851562500e+02
5.419000000000000000e+03,5.508176269531250000e+02,1.176741943359375000e+03
5.420000000000000000e+03,5.916899414062500000e+02,7.827977294921875000e+02
5.421000000000000000e+03,5.322934570312500000e+02,7.845047607421875000e+02
5.422000000000000000e+03,5.195396118164062500e+02,9.689606933593750000e+02
5.423000000000000000e+03,5.814898681640625000e+02,1.373231445312500000e+03
5.424000000000000000e+03,5.080554199218750000e+02,7.706897583007812500e+02
5.425000000000000000e+03,5.419467163085937500e+02,1.174843261718750000e+03
5.426000000000000000e+03,5.692631225585937500e+02,7.887838745117187500e+02
5.427000000000000000e+03,5.287136230468750000e+02,8.065699462890625000e+02
5.428000000000000000e+03,5.194230346679687500e+02,1.020921447753906250e+03
5.429000000000000000e+03,5.950649414062500000e+02,7.686654663085937500e+02
5.430000000000000000e+03,4.782712402343750000e+02,9.906877441406250000e+02
5.431000000000000000e+03,6.092661132812500000e+02,8.612612915039062500e+02
5.432000000000000000e+03,5.615684204101562500e+02,9.032814331054687500e+02
5.433000000000000000e+03,5.104656982421875000e+02,1.194763793945312500e+03
5.434000000000000000e+03,4.923387756347656250e+02,7.842506103515625000e+02
5.435000000000000000e+03,5.224586791992187500e+02,7.660110473632812500e+02
5.436000000000000000e+03,5.541483154296875000e+02,8.518160400390625000e+02
5.437000000000000000e+03,5.658324584960937500e+02,9.523834228515625000e+02
5.438000000000000000e+03,5.209575805664062500e+02,1.828752563476562500e+03
5.439000000000000000e+03,5.696965332031250000e+02,7.847835693359375000e+02
5.440000000000000000e+03,6.046593627929687500e+02,7.838895874023437500e+02
5.441000000000000000e+03,5.381604614257812500e+02,7.842072753906250000e+02
5.442000000000000000e+03,5.369705200195312500e+02,1.472340820312500000e+03
5.443000000000000000e+03,5.294055786132812500e+02,9.055982666015625000e+02
5.444000000000000000e+03,5.570526733398437500e+02,7.725493164062500000e+02
5.445000000000000000e+03,5.404489135742187500e+02,9.454192504882812500e+02
5.446000000000000000e+03,4.993658142089843750e+02,8.089389648437500000e+02
5.447000000000000000e+03,6.305651245117187500e+02,7.697468872070312500e+02
5.448000000000000000e+03,5.379060058593750000e+02,1.340504028320312500e+03
5.449000000000000000e+03,5.765443725585937500e+02,7.692137451171875000e+02
5.450000000000000000e+03,5.511998901367187500e+02,1.412160156250000000e+03
5.451000000000000000e+03,5.563681640625000000e+02,7.786586914062500000e+02
5.452000000000000000e+03,5.899535522460937500e+02,7.651077270507812500e+02
5.453000000000000000e+03,5.571782836914062500e+02,7.805911254882812500e+02
5.454000000000000000e+03,5.453399047851562500e+02,8.086801147460937500e+02
5.455000000000000000e+03,5.358711547851562500e+02,7.702693481445312500e+02
5.456000000000000000e+03,5.396308593750000000e+02,1.343277832031250000e+03
5.457000000000000000e+03,5.224797973632812500e+02,8.795501098632812500e+02
5.458000000000000000e+03,5.678135375976562500e+02,9.980274047851562500e+02
5.459000000000000000e+03,5.592218017578125000e+02,1.159754638671875000e+03
5.460000000000000000e+03,5.650263671875000000e+02,1.339049438476562500e+03
5.461000000000000000e+03,5.520677490234375000e+02,8.937500000000000000e+02
5.462000000000000000e+03,5.515172729492187500e+02,7.973349609375000000e+02
5.463000000000000000e+03,5.618771362304687500e+02,7.557910766601562500e+02
5.464000000000000000e+03,5.607687377929687500e+02,7.571033935546875000e+02
5.465000000000000000e+03,5.160509033203125000e+02,9.360090942382812500e+02
5.466000000000000000e+03,5.644003906250000000e+02,1.082907958984375000e+03
5.467000000000000000e+03,5.335042724609375000e+02,7.587835693359375000e+02
5.468000000000000000e+03,5.349157714843750000e+02,1.445574462890625000e+03
5.469000000000000000e+03,5.553613281250000000e+02,8.693359985351562500e+02
5.470000000000000000e+03,5.550590209960937500e+02,7.950192871093750000e+02
5.471000000000000000e+03,5.089954223632812500e+02,7.576953125000000000e+02
5.472000000000000000e+03,5.397119750976562500e+02,7.765186767578125000e+02
5.473000000000000000e+03,5.192762451171875000e+02,7.647898559570312500e+02
5.474000000000000000e+03,5.959737548828125000e+02,7.789718017578125000e+02
5.475000000000000000e+03,4.882934265136718750e+02,1.406857055664062500e+03
5.476000000000000000e+03,5.646279907226562500e+02,7.569869995117187500e+02
5.477000000000000000e+03,5.428479003906250000e+02,7.572417602539062500e+02
5.478000000000000000e+03,5.106953735351562500e+02,7.611676025390625000e+02
5.479000000000000000e+03,5.280934448242187500e+02,1.012263122558593750e+03
5.480000000000000000e+03,5.474273681640625000e+02,7.578404541015625000e+02
5.481000000000000000e+03,5.627868652343750000e+02,1.371268798828125000e+03
5.482000000000000000e+03,6.037387084960937500e+02,9.132755126953125000e+02
5.483000000000000000e+03,5.999329833984375000e+02,7.563599243164062500e+02
5.484000000000000000e+03,5.600498657226562500e+02,7.986630859375000000e+02
5.485000000000000000e+03,5.478686523437500000e+02,7.927736206054687500e+02
5.486000000000000000e+03,5.529126586914062500e+02,7.748833618164062500e+02
5.487000000000000000e+03,5.349642944335937500e+02,8.661422119140625000e+02
5.488000000000000000e+03,5.560880737304687500e+02,1.104617675781250000e+03
5.489000000000000000e+03,5.001234436035156250e+02,8.977419433593750000e+02
5.490000000000000000e+03,5.177058105468750000e+02,7.926994628906250000e+02
5.491000000000000000e+03,5.609432983398437500e+02,7.858537597656250000e+02
5.492000000000000000e+03,5.278084716796875000e+02,7.937654418945312500e+02
5.493000000000000000e+03,5.751064453125000000e+02,9.238591308593750000e+02
5.494000000000000000e+03,4.999666748046875000e+02,7.581862182617187500e+02
5.495000000000000000e+03,5.373180541992187500e+02,1.328813720703125000e+03
5.496000000000000000e+03,5.571604003906250000e+02,8.259833374023437500e+02
5.497000000000000000e+03,5.565991821289062500e+02,7.661471557617187500e+02
5.498000000000000000e+03,5.266309204101562500e+02,9.295895996093750000e+02
5.499000000000000000e+03,5.463032836914062500e+02,7.982565917968750000e+02
5.500000000000000000e+03,5.347036743164062500e+02,8.385338745117187500e+02
5.501000000000000000e+03,5.612837524414062500e+02,1.182488159179687500e+03
5.502000000000000000e+03,5.430338745117187500e+02,1.794254394531250000e+03
5.503000000000000000e+03,5.816530151367187500e+02,7.568711547851562500e+02
5.504000000000000000e+03,6.161131591796875000e+02,1.096141967773437500e+03
5.505000000000000000e+03,5.235973510742187500e+02,9.880318603515625000e+02
5.506000000000000000e+03,5.326630859375000000e+02,1.205345214843750000e+03
5.507000000000000000e+03,5.575281372070312500e+02,7.806416015625000000e+02
5.508000000000000000e+03,5.073374023437500000e+02,8.239254150390625000e+02
5.509000000000000000e+03,5.567736816406250000e+02,8.067213745117187500e+02
5.510000000000000000e+03,5.004974060058593750e+02,7.809767456054687500e+02
5.511000000000000000e+03,5.426083374023437500e+02,7.574736328125000000e+02
5.512000000000000000e+03,5.411005249023437500e+02,9.853533935546875000e+02
5.513000000000000000e+03,5.314759521484375000e+02,8.146443481445312500e+02
5.514000000000000000e+03,5.079888305664062500e+02,7.571576538085937500e+02
5.515000000000000000e+03,5.534389038085937500e+02,8.287329101562500000e+02
5.516000000000000000e+03,5.371237792968750000e+02,7.606245727539062500e+02
5.517000000000000000e+03,5.963848876953125000e+02,1.042620239257812500e+03
5.518000000000000000e+03,5.582279663085937500e+02,8.021979370117187500e+02
5.519000000000000000e+03,6.023463134765625000e+02,1.137043334960937500e+03
5.520000000000000000e+03,5.435909423828125000e+02,1.042901123046875000e+03
5.521000000000000000e+03,5.269653930664062500e+02,1.134208862304687500e+03
5.522000000000000000e+03,6.081249389648437500e+02,7.625781860351562500e+02
5.523000000000000000e+03,5.601204833984375000e+02,9.342103881835937500e+02
5.524000000000000000e+03,5.599419555664062500e+02,1.736570678710937500e+03
5.525000000000000000e+03,5.470858764648437500e+02,1.042317138671875000e+03
5.526000000000000000e+03,5.322214355468750000e+02,7.831582641601562500e+02
5.527000000000000000e+03,5.231156616210937500e+02,7.762584838867187500e+02
5.528000000000000000e+03,5.700435180664062500e+02,7.548976440429687500e+02
5.529000000000000000e+03,5.350201416015625000e+02,7.621435546875000000e+02
5.530000000000000000e+03,5.291455078125000000e+02,8.727656860351562500e+02
5.531000000000000000e+03,5.256400756835937500e+02,2.297477050781250000e+03
5.532000000000000000e+03,5.580894165039062500e+02,7.716987915039062500e+02
5.533000000000000000e+03,5.517863159179687500e+02,7.545313110351562500e+02
5.534000000000000000e+03,5.308013305664062500e+02,9.351877441406250000e+02
5.535000000000000000e+03,6.220759277343750000e+02,7.652677001953125000e+02
5.536000000000000000e+03,5.322448120117187500e+02,1.362494750976562500e+03
5.537000000000000000e+03,5.156877441406250000e+02,7.971821289062500000e+02
5.538000000000000000e+03,4.904107971191406250e+02,8.715559692382812500e+02
5.539000000000000000e+03,5.732679443359375000e+02,8.190191650390625000e+02
5.540000000000000000e+03,4.978547973632812500e+02,7.541312255859375000e+02
5.541000000000000000e+03,5.011755981445312500e+02,8.047999267578125000e+02
5.542000000000000000e+03,5.572915039062500000e+02,8.356157836914062500e+02
5.543000000000000000e+03,5.368638916015625000e+02,7.533127441406250000e+02
5.544000000000000000e+03,5.439970092773437500e+02,9.531109619140625000e+02
5.545000000000000000e+03,5.615797729492187500e+02,9.016534423828125000e+02
5.546000000000000000e+03,5.395605468750000000e+02,7.764162597656250000e+02
5.547000000000000000e+03,4.984012145996093750e+02,7.621027832031250000e+02
5.548000000000000000e+03,5.084303283691406250e+02,7.684804687500000000e+02
5.549000000000000000e+03,5.203716430664062500e+02,7.551970214843750000e+02
5.550000000000000000e+03,5.306257324218750000e+02,1.546583496093750000e+03
5.551000000000000000e+03,5.802702636718750000e+02,7.568010253906250000e+02
5.552000000000000000e+03,5.106952819824218750e+02,9.212763671875000000e+02
5.553000000000000000e+03,5.247587890625000000e+02,8.342578125000000000e+02
5.554000000000000000e+03,5.109338989257812500e+02,1.868079711914062500e+03
5.555000000000000000e+03,5.266572265625000000e+02,8.038750000000000000e+02
5.556000000000000000e+03,5.016484680175781250e+02,7.805674438476562500e+02
5.557000000000000000e+03,5.233774414062500000e+02,7.630624389648437500e+02
5.558000000000000000e+03,5.348070678710937500e+02,1.264582153320312500e+03
5.559000000000000000e+03,4.969653320312500000e+02,7.558133544921875000e+02
5.560000000000000000e+03,5.008858337402343750e+02,7.557948608398437500e+02
5.561000000000000000e+03,4.967490234375000000e+02,1.217725219726562500e+03
5.562000000000000000e+03,5.686934204101562500e+02,7.698337402343750000e+02
5.563000000000000000e+03,5.474470825195312500e+02,9.727726440429687500e+02
5.564000000000000000e+03,5.323640136718750000e+02,7.624423828125000000e+02
5.565000000000000000e+03,6.007593994140625000e+02,7.918637084960937500e+02
5.566000000000000000e+03,5.142546997070312500e+02,7.488685913085937500e+02
5.567000000000000000e+03,5.735542602539062500e+02,7.954481201171875000e+02
5.568000000000000000e+03,5.317239379882812500e+02,7.678121337890625000e+02
5.569000000000000000e+03,5.482028808593750000e+02,9.604788818359375000e+02
5.570000000000000000e+03,5.426515502929687500e+02,9.979965209960937500e+02
5.571000000000000000e+03,5.392067260742187500e+02,8.242569580078125000e+02
5.572000000000000000e+03,5.249808349609375000e+02,7.910713500976562500e+02
5.573000000000000000e+03,5.472932739257812500e+02,1.200917602539062500e+03
5.574000000000000000e+03,5.532072753906250000e+02,9.850293579101562500e+02
5.575000000000000000e+03,5.803984375000000000e+02,9.016342163085937500e+02
5.576000000000000000e+03,5.624239501953125000e+02,7.691669921875000000e+02
5.577000000000000000e+03,5.405156860351562500e+02,7.558639526367187500e+02
5.578000000000000000e+03,5.909739990234375000e+02,7.860399169921875000e+02
5.579000000000000000e+03,5.272346801757812500e+02,8.520834960937500000e+02
5.580000000000000000e+03,5.674587402343750000e+02,1.274580078125000000e+03
5.581000000000000000e+03,5.416410522460937500e+02,1.295017944335937500e+03
5.582000000000000000e+03,5.570509033203125000e+02,7.797487182617187500e+02
5.583000000000000000e+03,5.302841796875000000e+02,8.306825561523437500e+02
5.584000000000000000e+03,5.909569091796875000e+02,9.181694335937500000e+02
5.585000000000000000e+03,5.856275634765625000e+02,9.702276000976562500e+02
5.586000000000000000e+03,5.877014770507812500e+02,9.643356933593750000e+02
5.587000000000000000e+03,5.769006958007812500e+02,7.881267089843750000e+02
5.588000000000000000e+03,6.055560913085937500e+02,8.898336181640625000e+02
5.589000000000000000e+03,5.374673461914062500e+02,9.242409057617187500e+02
5.590000000000000000e+03,5.543928833007812500e+02,7.621720581054687500e+02
5.591000000000000000e+03,5.509887084960937500e+02,7.993890380859375000e+02
5.592000000000000000e+03,5.206889648437500000e+02,7.496715087890625000e+02
5.593000000000000000e+03,5.421862182617187500e+02,7.519973144531250000e+02
5.594000000000000000e+03,5.122119140625000000e+02,7.695293579101562500e+02
5.595000000000000000e+03,5.739058227539062500e+02,7.502839355468750000e+02
5.596000000000000000e+03,5.312227783203125000e+02,8.089449462890625000e+02
5.597000000000000000e+03,5.272047729492187500e+02,7.597473144531250000e+02
5.598000000000000000e+03,5.298808593750000000e+02,9.500599975585937500e+02
5.599000000000000000e+03,5.309993896484375000e+02,9.459799194335937500e+02
5.600000000000000000e+03,5.450482788085937500e+02,7.563843994140625000e+02
5.601000000000000000e+03,4.904774475097656250e+02,8.090429077148437500e+02
5.602000000000000000e+03,4.916242675781250000e+02,1.119651000976562500e+03
5.603000000000000000e+03,4.848877258300781250e+02,8.787105102539062500e+02
5.604000000000000000e+03,5.169611206054687500e+02,8.582645263671875000e+02
5.605000000000000000e+03,5.759721679687500000e+02,7.538406372070312500e+02
5.606000000000000000e+03,5.258144531250000000e+02,9.314705810546875000e+02
5.607000000000000000e+03,5.451365356445312500e+02,1.160965698242187500e+03
5.608000000000000000e+03,5.324068603515625000e+02,7.878821411132812500e+02
5.609000000000000000e+03,5.829817504882812500e+02,8.958895874023437500e+02
5.610000000000000000e+03,5.133709106445312500e+02,7.730518188476562500e+02
5.611000000000000000e+03,5.412457885742187500e+02,8.345269775390625000e+02
5.612000000000000000e+03,5.187811889648437500e+02,1.404606811523437500e+03
5.613000000000000000e+03,5.476859130859375000e+02,7.944371337890625000e+02
5.614000000000000000e+03,5.894975585937500000e+02,9.008397827148437500e+02
5.615000000000000000e+03,5.353394165039062500e+02,7.627723388671875000e+02
5.616000000000000000e+03,5.466612548828125000e+02,7.647109375000000000e+02
5.617000000000000000e+03,5.324321289062500000e+02,1.233498901367187500e+03
5.618000000000000000e+03,4.879046630859375000e+02,7.708666381835937500e+02
5.619000000000000000e+03,5.604747314453125000e+02,7.789899291992187500e+02
5.620000000000000000e+03,5.719826049804687500e+02,7.636398315429687500e+02
5.621000000000000000e+03,5.219448852539062500e+02,1.233999267578125000e+03
5.622000000000000000e+03,5.107410278320312500e+02,7.530493164062500000e+02
5.623000000000000000e+03,5.689630737304687500e+02,8.496628417968750000e+02
5.624000000000000000e+03,5.052897644042968750e+02,8.749327392578125000e+02
5.625000000000000000e+03,5.318647460937500000e+02,7.603476562500000000e+02
5.626000000000000000e+03,5.548377075195312500e+02,7.795057983398437500e+02
5.627000000000000000e+03,5.600850219726562500e+02,8.534196777343750000e+02
5.628000000000000000e+03,5.404829711914062500e+02,8.723714599609375000e+02
5.629000000000000000e+03,4.970448608398437500e+02,9.335520019531250000e+02
5.630000000000000000e+03,4.995086059570312500e+02,1.106490844726562500e+03
5.631000000000000000e+03,5.162135009765625000e+02,7.903317871093750000e+02
5.632000000000000000e+03,5.085062561035156250e+02,7.651044921875000000e+02
5.633000000000000000e+03,6.252526245117187500e+02,9.739334106445312500e+02
5.634000000000000000e+03,5.283820190429687500e+02,7.637199707031250000e+02
5.635000000000000000e+03,5.935359497070312500e+02,8.284686889648437500e+02
5.636000000000000000e+03,5.279896240234375000e+02,7.856618041992187500e+02
5.637000000000000000e+03,5.314707031250000000e+02,9.131667480468750000e+02
5.638000000000000000e+03,6.105592041015625000e+02,7.624758911132812500e+02
5.639000000000000000e+03,5.486022338867187500e+02,1.777616821289062500e+03
5.640000000000000000e+03,5.273623046875000000e+02,1.225598266601562500e+03
5.641000000000000000e+03,5.163544921875000000e+02,1.642256103515625000e+03
5.642000000000000000e+03,4.927767333984375000e+02,7.531612548828125000e+02
5.643000000000000000e+03,4.818908996582031250e+02,1.090253173828125000e+03
5.644000000000000000e+03,5.391345825195312500e+02,9.778552246093750000e+02
5.645000000000000000e+03,4.994903869628906250e+02,9.859218139648437500e+02
5.646000000000000000e+03,5.283631591796875000e+02,8.950205688476562500e+02
5.647000000000000000e+03,5.258668823242187500e+02,7.977917480468750000e+02
5.648000000000000000e+03,5.480181884765625000e+02,8.294858398437500000e+02
5.649000000000000000e+03,5.213185424804687500e+02,7.722152709960937500e+02
5.650000000000000000e+03,4.972198791503906250e+02,7.570622558593750000e+02
5.651000000000000000e+03,5.653701782226562500e+02,7.592077026367187500e+02
5.652000000000000000e+03,5.489821166992187500e+02,1.403087158203125000e+03
5.653000000000000000e+03,5.531480102539062500e+02,9.101143188476562500e+02
5.654000000000000000e+03,5.400104370117187500e+02,7.594586181640625000e+02
5.655000000000000000e+03,5.727633056640625000e+02,9.188485107421875000e+02
5.656000000000000000e+03,5.975351562500000000e+02,7.622438354492187500e+02
5.657000000000000000e+03,5.323875122070312500e+02,9.981513061523437500e+02
5.658000000000000000e+03,5.190751953125000000e+02,2.030215454101562500e+03
5.659000000000000000e+03,5.981259765625000000e+02,1.214231079101562500e+03
5.660000000000000000e+03,5.597658691406250000e+02,7.661969604492187500e+02
5.661000000000000000e+03,5.184332885742187500e+02,1.100938598632812500e+03
5.662000000000000000e+03,5.764916381835937500e+02,7.839475097656250000e+02
5.663000000000000000e+03,5.459161376953125000e+02,7.911040039062500000e+02
5.664000000000000000e+03,5.185862426757812500e+02,1.122910644531250000e+03
5.665000000000000000e+03,5.397845458984375000e+02,1.031132934570312500e+03
5.666000000000000000e+03,5.618103637695312500e+02,1.361501342773437500e+03
5.667000000000000000e+03,5.394973754882812500e+02,8.895297851562500000e+02
5.668000000000000000e+03,5.454002685546875000e+02,8.390166015625000000e+02
5.669000000000000000e+03,5.348534545898437500e+02,8.420363769531250000e+02
5.670000000000000000e+03,5.082963256835937500e+02,9.252955932617187500e+02
5.671000000000000000e+03,5.358374023437500000e+02,7.691204223632812500e+02
5.672000000000000000e+03,5.404245605468750000e+02,1.341406616210937500e+03
5.673000000000000000e+03,5.140950317382812500e+02,7.803274536132812500e+02
5.674000000000000000e+03,5.196928100585937500e+02,9.104022827148437500e+02
5.675000000000000000e+03,5.077943115234375000e+02,7.672741088867187500e+02
5.676000000000000000e+03,5.531414184570312500e+02,8.133843994140625000e+02
5.677000000000000000e+03,5.762862548828125000e+02,9.089371337890625000e+02
5.678000000000000000e+03,5.204558105468750000e+02,1.169068359375000000e+03
5.679000000000000000e+03,5.918057861328125000e+02,7.655585327148437500e+02
5.680000000000000000e+03,5.589807128906250000e+02,7.987459106445312500e+02
5.681000000000000000e+03,5.192944335937500000e+02,7.886689453125000000e+02
5.682000000000000000e+03,4.954288635253906250e+02,1.012028930664062500e+03
5.683000000000000000e+03,5.562854003906250000e+02,8.482434692382812500e+02
5.684000000000000000e+03,5.522655029296875000e+02,7.778313598632812500e+02
5.685000000000000000e+03,5.565368652343750000e+02,8.520390014648437500e+02
5.686000000000000000e+03,4.823368225097656250e+02,1.694613037109375000e+03
5.687000000000000000e+03,5.060772399902343750e+02,8.249843750000000000e+02
5.688000000000000000e+03,5.761488647460937500e+02,7.936566162109375000e+02
5.689000000000000000e+03,5.451000976562500000e+02,9.480742187500000000e+02
5.690000000000000000e+03,5.627768554687500000e+02,7.795604858398437500e+02
5.691000000000000000e+03,4.888193969726562500e+02,1.295629638671875000e+03
5.692000000000000000e+03,5.193076782226562500e+02,8.028190917968750000e+02
5.693000000000000000e+03,5.823649291992187500e+02,7.819964599609375000e+02
5.694000000000000000e+03,5.449510498046875000e+02,8.080218505859375000e+02
5.695000000000000000e+03,5.460981445312500000e+02,7.655623168945312500e+02
5.696000000000000000e+03,5.155241699218750000e+02,7.529148559570312500e+02
5.697000000000000000e+03,5.193819580078125000e+02,1.079420776367187500e+03
5.698000000000000000e+03,5.346739501953125000e+02,7.546785888671875000e+02
5.699000000000000000e+03,4.699622802734375000e+02,1.222935302734375000e+03
5.700000000000000000e+03,5.667743530273437500e+02,7.576177368164062500e+02
5.701000000000000000e+03,5.268538208007812500e+02,8.691342163085937500e+02
5.702000000000000000e+03,5.348758544921875000e+02,1.523757080078125000e+03
5.703000000000000000e+03,5.249136352539062500e+02,9.591528930664062500e+02
5.704000000000000000e+03,5.203468627929687500e+02,9.981055297851562500e+02
5.705000000000000000e+03,5.605842285156250000e+02,8.108376464843750000e+02
5.706000000000000000e+03,5.331287841796875000e+02,8.500413818359375000e+02
5.707000000000000000e+03,5.291033935546875000e+02,7.629207763671875000e+02
5.708000000000000000e+03,5.297405395507812500e+02,9.241406250000000000e+02
5.709000000000000000e+03,5.698555297851562500e+02,1.059131103515625000e+03
5.710000000000000000e+03,5.014261474609375000e+02,9.272209472656250000e+02
5.711000000000000000e+03,5.114335937500000000e+02,9.986005859375000000e+02
5.712000000000000000e+03,6.065693359375000000e+02,7.528182373046875000e+02
5.713000000000000000e+03,5.412265014648437500e+02,7.645055541992187500e+02
5.714000000000000000e+03,5.523964843750000000e+02,9.191309814453125000e+02
5.715000000000000000e+03,5.527846679687500000e+02,1.665246215820312500e+03
5.716000000000000000e+03,5.227820434570312500e+02,8.021171875000000000e+02
5.717000000000000000e+03,5.550910034179687500e+02,8.380127563476562500e+02
5.718000000000000000e+03,5.963947143554687500e+02,7.680863037109375000e+02
5.719000000000000000e+03,5.708957519531250000e+02,8.960141601562500000e+02
5.720000000000000000e+03,4.996671447753906250e+02,9.834746704101562500e+02
5.721000000000000000e+03,5.320339965820312500e+02,7.577703857421875000e+02
5.722000000000000000e+03,5.439609375000000000e+02,8.791044921875000000e+02
5.723000000000000000e+03,5.265371093750000000e+02,9.770585327148437500e+02
5.724000000000000000e+03,5.545454711914062500e+02,7.616979980468750000e+02
5.725000000000000000e+03,5.287022094726562500e+02,9.792185668945312500e+02
5.726000000000000000e+03,5.766456298828125000e+02,7.827144165039062500e+02
5.727000000000000000e+03,5.406257324218750000e+02,7.598380126953125000e+02
5.728000000000000000e+03,5.157344970703125000e+02,9.111386108398437500e+02
5.729000000000000000e+03,5.551670532226562500e+02,7.599757690429687500e+02
5.730000000000000000e+03,4.706408996582031250e+02,7.585801391601562500e+02
5.731000000000000000e+03,5.217604370117187500e+02,8.255251464843750000e+02
5.732000000000000000e+03,5.470997314453125000e+02,7.643422851562500000e+02
5.733000000000000000e+03,4.962345275878906250e+02,9.900899047851562500e+02
5.734000000000000000e+03,5.747933959960937500e+02,7.555256958007812500e+02
5.735000000000000000e+03,5.342240600585937500e+02,7.530972900390625000e+02
5.736000000000000000e+03,5.249066772460937500e+02,8.711118774414062500e+02
5.737000000000000000e+03,5.593716430664062500e+02,7.932339477539062500e+02
5.738000000000000000e+03,5.152612304687500000e+02,7.659068603515625000e+02
5.739000000000000000e+03,5.594346923828125000e+02,2.119202636718750000e+03
5.740000000000000000e+03,5.651056518554687500e+02,7.993562622070312500e+02
5.741000000000000000e+03,5.127012939453125000e+02,9.833908081054687500e+02
5.742000000000000000e+03,5.536257934570312500e+02,7.598903808593750000e+02
5.743000000000000000e+03,5.072359313964843750e+02,7.649522705078125000e+02
5.744000000000000000e+03,5.549064331054687500e+02,8.284689941406250000e+02
5.745000000000000000e+03,5.631641845703125000e+02,1.306306640625000000e+03
5.746000000000000000e+03,4.938416442871093750e+02,8.747037353515625000e+02
5.747000000000000000e+03,5.277706298828125000e+02,7.987360229492187500e+02
5.748000000000000000e+03,4.832627868652343750e+02,8.447612915039062500e+02
5.749000000000000000e+03,5.435314941406250000e+02,7.509638671875000000e+02
5.750000000000000000e+03,5.296384277343750000e+02,9.229954833984375000e+02
5.751000000000000000e+03,5.555621948242187500e+02,9.893211669921875000e+02
5.752000000000000000e+03,5.250661621093750000e+02,9.163206787109375000e+02
5.753000000000000000e+03,4.973869323730468750e+02,1.319104370117187500e+03
5.754000000000000000e+03,5.663818969726562500e+02,1.576432617187500000e+03
5.755000000000000000e+03,5.702536621093750000e+02,1.957331420898437500e+03
5.756000000000000000e+03,5.545985717773437500e+02,7.723465576171875000e+02
5.757000000000000000e+03,4.854293823242187500e+02,7.644463500976562500e+02
5.758000000000000000e+03,5.451075439453125000e+02,8.800861206054687500e+02
5.759000000000000000e+03,5.181640014648437500e+02,1.137800292968750000e+03
5.760000000000000000e+03,5.455158691406250000e+02,7.743627319335937500e+02
5.761000000000000000e+03,4.945983886718750000e+02,8.070245361328125000e+02
5.762000000000000000e+03,5.531882324218750000e+02,7.662479248046875000e+02
5.763000000000000000e+03,5.194468994140625000e+02,7.673294067382812500e+02
5.764000000000000000e+03,4.874954833984375000e+02,8.489721069335937500e+02
5.765000000000000000e+03,4.965898742675781250e+02,1.471082641601562500e+03
5.766000000000000000e+03,5.624434814453125000e+02,8.533962402343750000e+02
5.767000000000000000e+03,4.942305908203125000e+02,9.812727661132812500e+02
5.768000000000000000e+03,5.189088134765625000e+02,7.655686035156250000e+02
5.769000000000000000e+03,4.963888244628906250e+02,7.845883789062500000e+02
5.770000000000000000e+03,4.805236511230468750e+02,7.938815307617187500e+02
5.771000000000000000e+03,5.700953369140625000e+02,8.175283203125000000e+02
5.772000000000000000e+03,6.515298461914062500e+02,8.480794067382812500e+02
5.773000000000000000e+03,5.756609497070312500e+02,7.695396118164062500e+02
5.774000000000000000e+03,5.392863159179687500e+02,7.850953369140625000e+02
5.775000000000000000e+03,5.719611816406250000e+02,7.518139038085937500e+02
5.776000000000000000e+03,5.233715820312500000e+02,7.686517333984375000e+02
5.777000000000000000e+03,6.074859619140625000e+02,7.486093139648437500e+02
5.778000000000000000e+03,5.434533081054687500e+02,1.363008056640625000e+03
5.779000000000000000e+03,5.290113525390625000e+02,8.075021972656250000e+02
5.780000000000000000e+03,4.956375122070312500e+02,1.095043823242187500e+03
5.781000000000000000e+03,4.752431945800781250e+02,7.815269165039062500e+02
5.782000000000000000e+03,5.255671386718750000e+02,7.567597045898437500e+02
5.783000000000000000e+03,5.248377685546875000e+02,1.243543579101562500e+03
5.784000000000000000e+03,5.300017700195312500e+02,1.033663574218750000e+03
5.785000000000000000e+03,5.846982421875000000e+02,8.344830932617187500e+02
5.786000000000000000e+03,5.330910644531250000e+02,7.509005126953125000e+02
5.787000000000000000e+03,5.754306640625000000e+02,7.951157226562500000e+02
5.788000000000000000e+03,5.233987426757812500e+02,7.994372558593750000e+02
5.789000000000000000e+03,5.212834472656250000e+02,7.624161376953125000e+02
5.790000000000000000e+03,5.775881958007812500e+02,7.767129516601562500e+02
5.791000000000000000e+03,5.273977050781250000e+02,7.984886474609375000e+02
5.792000000000000000e+03,4.831629943847656250e+02,8.675947265625000000e+02
5.793000000000000000e+03,5.310584716796875000e+02,1.061888671875000000e+03
5.794000000000000000e+03,5.189473266601562500e+02,7.506495361328125000e+02
5.795000000000000000e+03,5.780075683593750000e+02,8.914686889648437500e+02
5.796000000000000000e+03,5.613679199218750000e+02,7.673200683593750000e+02
5.797000000000000000e+03,5.879400024414062500e+02,7.551649169921875000e+02
5.798000000000000000e+03,5.255343627929687500e+02,1.070190795898437500e+03
5.799000000000000000e+03,5.289450073242187500e+02,9.110585327148437500e+02
5.800000000000000000e+03,5.318605346679687500e+02,7.904902954101562500e+02
5.801000000000000000e+03,6.010884399414062500e+02,8.099249877929687500e+02
5.802000000000000000e+03,5.433947143554687500e+02,1.948466674804687500e+03
5.803000000000000000e+03,5.657750854492187500e+02,7.717759399414062500e+02
5.804000000000000000e+03,5.711196289062500000e+02,7.946361083984375000e+02
5.805000000000000000e+03,5.708734130859375000e+02,1.388157958984375000e+03
5.806000000000000000e+03,5.343908691406250000e+02,1.284045776367187500e+03
5.807000000000000000e+03,5.832577514648437500e+02,7.676583251953125000e+02
5.808000000000000000e+03,5.334415283203125000e+02,8.459395751953125000e+02
5.809000000000000000e+03,5.747160034179687500e+02,8.129641723632812500e+02
5.810000000000000000e+03,5.493514404296875000e+02,7.631903076171875000e+02
5.811000000000000000e+03,4.940652770996093750e+02,7.644673461914062500e+02
5.812000000000000000e+03,5.389358520507812500e+02,9.439578247070312500e+02
5.813000000000000000e+03,5.947561645507812500e+02,1.280662109375000000e+03
5.814000000000000000e+03,5.245891113281250000e+02,8.870850830078125000e+02
5.815000000000000000e+03,5.461719970703125000e+02,1.379512817382812500e+03
5.816000000000000000e+03,5.612298583984375000e+02,1.231339477539062500e+03
5.817000000000000000e+03,5.568797607421875000e+02,9.882828979492187500e+02
5.818000000000000000e+03,5.237512207031250000e+02,7.672611694335937500e+02
5.819000000000000000e+03,5.533455810546875000e+02,1.109603271484375000e+03
5.820000000000000000e+03,5.254768066406250000e+02,7.584524536132812500e+02
5.821000000000000000e+03,5.515754394531250000e+02,7.814494628906250000e+02
5.822000000000000000e+03,5.176143798828125000e+02,7.896445922851562500e+02
5.823000000000000000e+03,5.790304565429687500e+02,1.078559448242187500e+03
5.824000000000000000e+03,5.499295654296875000e+02,7.662981567382812500e+02
5.825000000000000000e+03,5.653380126953125000e+02,9.267583618164062500e+02
5.826000000000000000e+03,5.077741394042968750e+02,7.667597045898437500e+02
5.827000000000000000e+03,5.055794982910156250e+02,1.268937988281250000e+03
5.828000000000000000e+03,5.094646911621093750e+02,2.233462402343750000e+03
5.829000000000000000e+03,6.227339477539062500e+02,7.524241333007812500e+02
5.830000000000000000e+03,5.462058105468750000e+02,1.218373413085937500e+03
5.831000000000000000e+03,5.590922241210937500e+02,7.560383911132812500e+02
5.832000000000000000e+03,5.239130859375000000e+02,7.756307983398437500e+02
5.833000000000000000e+03,5.619931030273437500e+02,7.994598388671875000e+02
5.834000000000000000e+03,5.034864196777343750e+02,8.918313598632812500e+02
5.835000000000000000e+03,5.878065185546875000e+02,1.010884399414062500e+03
5.836000000000000000e+03,5.069011840820312500e+02,2.654592285156250000e+03
5.837000000000000000e+03,5.006798095703125000e+02,1.511078613281250000e+03
5.838000000000000000e+03,5.677241210937500000e+02,9.058325805664062500e+02
5.839000000000000000e+03,5.351307373046875000e+02,7.705144042968750000e+02
5.840000000000000000e+03,5.276349487304687500e+02,7.533281250000000000e+02
5.841000000000000000e+03,5.454500122070312500e+02,9.304204101562500000e+02
5.842000000000000000e+03,5.416722412109375000e+02,8.050931396484375000e+02
5.843000000000000000e+03,5.365618286132812500e+02,8.197897338867187500e+02
5.844000000000000000e+03,5.550882568359375000e+02,7.535127563476562500e+02
5.845000000000000000e+03,5.290338745117187500e+02,7.591151123046875000e+02
5.846000000000000000e+03,5.012677307128906250e+02,1.149478881835937500e+03
5.847000000000000000e+03,5.770582275390625000e+02,7.487913818359375000e+02
5.848000000000000000e+03,4.941566162109375000e+02,7.525151977539062500e+02
5.849000000000000000e+03,5.807827758789062500e+02,8.128174438476562500e+02
5.850000000000000000e+03,4.579837341308593750e+02,9.371276245117187500e+02
5.851000000000000000e+03,5.152921142578125000e+02,7.642664794921875000e+02
5.852000000000000000e+03,5.686439819335937500e+02,1.024573364257812500e+03
5.853000000000000000e+03,5.762423706054687500e+02,7.474584960937500000e+02
5.854000000000000000e+03,5.035348205566406250e+02,3.047727050781250000e+03
5.855000000000000000e+03,6.046506958007812500e+02,2.193964599609375000e+03
5.856000000000000000e+03,5.600294189453125000e+02,8.201622314453125000e+02
5.857000000000000000e+03,5.718204345703125000e+02,7.703566894531250000e+02
5.858000000000000000e+03,5.489259033203125000e+02,7.762571411132812500e+02
5.859000000000000000e+03,5.223063964843750000e+02,7.933001098632812500e+02
5.860000000000000000e+03,5.524442749023437500e+02,8.840959472656250000e+02
5.861000000000000000e+03,5.301584472656250000e+02,7.529691162109375000e+02
5.862000000000000000e+03,5.477541503906250000e+02,8.927816772460937500e+02
5.863000000000000000e+03,5.550430297851562500e+02,9.129302978515625000e+02
5.864000000000000000e+03,5.536672363281250000e+02,9.003404541015625000e+02
5.865000000000000000e+03,5.927029418945312500e+02,7.532987060546875000e+02
5.866000000000000000e+03,5.878954467773437500e+02,9.641896972656250000e+02
5.867000000000000000e+03,5.222620239257812500e+02,8.222504272460937500e+02
5.868000000000000000e+03,5.281298828125000000e+02,7.680226440429687500e+02
5.869000000000000000e+03,4.736929321289062500e+02,1.040936401367187500e+03
5.870000000000000000e+03,5.082037963867187500e+02,8.605575561523437500e+02
5.871000000000000000e+03,5.875229492187500000e+02,8.668563232421875000e+02
5.872000000000000000e+03,5.399866333007812500e+02,1.172010375976562500e+03
5.873000000000000000e+03,4.908237609863281250e+02,8.499134521484375000e+02
5.874000000000000000e+03,5.081059875488281250e+02,7.533702392578125000e+02
5.875000000000000000e+03,5.111585693359375000e+02,7.566873168945312500e+02
5.876000000000000000e+03,5.676174926757812500e+02,7.762269287109375000e+02
5.877000000000000000e+03,5.517954711914062500e+02,7.585935058593750000e+02
5.878000000000000000e+03,4.971034851074218750e+02,7.816205444335937500e+02
5.879000000000000000e+03,5.355190429687500000e+02,1.137675292968750000e+03
5.880000000000000000e+03,5.400623779296875000e+02,8.139917602539062500e+02
5.881000000000000000e+03,5.235202026367187500e+02,7.880295410156250000e+02
5.882000000000000000e+03,5.016555480957031250e+02,2.214655273437500000e+03
5.883000000000000000e+03,5.960145874023437500e+02,8.634271850585937500e+02
5.884000000000000000e+03,5.883071899414062500e+02,8.850188598632812500e+02
5.885000000000000000e+03,5.564822387695312500e+02,7.715703735351562500e+02
5.886000000000000000e+03,5.403744506835937500e+02,1.601168212890625000e+03
5.887000000000000000e+03,4.864988098144531250e+02,8.255262451171875000e+02
5.888000000000000000e+03,5.708967895507812500e+02,8.270897827148437500e+02
5.889000000000000000e+03,5.803251953125000000e+02,8.709472045898437500e+02
5.890000000000000000e+03,5.587824707031250000e+02,7.518904418945312500e+02
5.891000000000000000e+03,5.464030761718750000e+02,1.328581298828125000e+03
5.892000000000000000e+03,5.369455566406250000e+02,7.779880371093750000e+02
5.893000000000000000e+03,5.340801391601562500e+02,8.882926025390625000e+02
5.894000000000000000e+03,5.329452514648437500e+02,9.735092163085937500e+02
5.895000000000000000e+03,5.350795898437500000e+02,1.234906372070312500e+03
5.896000000000000000e+03,5.126633300781250000e+02,7.670670166015625000e+02
5.897000000000000000e+03,5.289454345703125000e+02,8.582623901367187500e+02
5.898000000000000000e+03,5.633513793945312500e+02,7.865989379882812500e+02
5.899000000000000000e+03,5.944331054687500000e+02,7.549706420898437500e+02
5.900000000000000000e+03,5.267807006835937500e+02,8.728381347656250000e+02
5.901000000000000000e+03,6.049865722656250000e+02,7.538415527343750000e+02
5.902000000000000000e+03,5.606661987304687500e+02,1.343746582031250000e+03
5.903000000000000000e+03,5.594563598632812500e+02,7.553854980468750000e+02
5.904000000000000000e+03,5.518614501953125000e+02,7.585848388671875000e+02
5.905000000000000000e+03,4.946636962890625000e+02,9.177084350585937500e+02
5.906000000000000000e+03,5.126461181640625000e+02,8.303891601562500000e+02
5.907000000000000000e+03,5.200999755859375000e+02,8.601091918945312500e+02
5.908000000000000000e+03,4.918287963867187500e+02,7.502493286132812500e+02
5.909000000000000000e+03,5.264754638671875000e+02,7.615071411132812500e+02
5.910000000000000000e+03,5.459905395507812500e+02,7.757600097656250000e+02
5.911000000000000000e+03,5.029399414062500000e+02,7.968164672851562500e+02
5.912000000000000000e+03,5.047279357910156250e+02,1.567014770507812500e+03
5.913000000000000000e+03,5.348656616210937500e+02,9.617024536132812500e+02
5.914000000000000000e+03,5.035111083984375000e+02,1.237229980468750000e+03
5.915000000000000000e+03,5.078923645019531250e+02,8.022988891601562500e+02
5.916000000000000000e+03,4.702054748535156250e+02,1.026649169921875000e+03
5.917000000000000000e+03,5.309497680664062500e+02,7.936965942382812500e+02
5.918000000000000000e+03,5.190262451171875000e+02,8.431926879882812500e+02
5.919000000000000000e+03,5.380720825195312500e+02,8.368709106445312500e+02
5.920000000000000000e+03,5.230802612304687500e+02,7.595286254882812500e+02
5.921000000000000000e+03,6.212890625000000000e+02,1.980652099609375000e+03
5.922000000000000000e+03,5.834714355468750000e+02,8.472551269531250000e+02
5.923000000000000000e+03,5.433273315429687500e+02,7.959917602539062500e+02
5.924000000000000000e+03,5.412421264648437500e+02,8.592766723632812500e+02
5.925000000000000000e+03,5.430671386718750000e+02,1.283955322265625000e+03
5.926000000000000000e+03,5.703466796875000000e+02,8.463279418945312500e+02
5.927000000000000000e+03,5.803484497070312500e+02,8.409570312500000000e+02
5.928000000000000000e+03,5.361387329101562500e+02,7.517216186523437500e+02
5.929000000000000000e+03,5.070565490722656250e+02,1.020359802246093750e+03
5.930000000000000000e+03,5.517797851562500000e+02,1.567833740234375000e+03
5.931000000000000000e+03,5.434662475585937500e+02,7.583734130859375000e+02
5.932000000000000000e+03,5.446359863281250000e+02,7.508087768554687500e+02
5.933000000000000000e+03,5.359500122070312500e+02,9.547533569335937500e+02
5.934000000000000000e+03,5.367357788085937500e+02,7.942350463867187500e+02
5.935000000000000000e+03,6.269792480468750000e+02,8.420432128906250000e+02
5.936000000000000000e+03,5.333667602539062500e+02,9.539385375976562500e+02
5.937000000000000000e+03,5.980856933593750000e+02,9.998176879882812500e+02
5.938000000000000000e+03,5.272130126953125000e+02,7.617724609375000000e+02
5.939000000000000000e+03,5.531767578125000000e+02,8.300424194335937500e+02
5.940000000000000000e+03,5.561348266601562500e+02,1.009884094238281250e+03
5.941000000000000000e+03,5.399807739257812500e+02,8.903020629882812500e+02
5.942000000000000000e+03,5.251984863281250000e+02,7.971996459960937500e+02
5.943000000000000000e+03,5.100679931640625000e+02,7.708589477539062500e+02
5.944000000000000000e+03,5.224436645507812500e+02,1.058494506835937500e+03
5.945000000000000000e+03,5.128175048828125000e+02,8.542495727539062500e+02
5.946000000000000000e+03,5.151398315429687500e+02,8.639688110351562500e+02
5.947000000000000000e+03,5.402887573242187500e+02,1.071433471679687500e+03
5.948000000000000000e+03,5.694738159179687500e+02,7.543657226562500000e+02
5.949000000000000000e+03,5.016954956054687500e+02,8.477892456054687500e+02
5.950000000000000000e+03,5.400355834960937500e+02,8.820779418945312500e+02
5.951000000000000000e+03,4.775027160644531250e+02,1.657135253906250000e+03
5.952000000000000000e+03,4.939497680664062500e+02,7.679163208007812500e+02
5.953000000000000000e+03,5.534544067382812500e+02,9.264241943359375000e+02
5.954000000000000000e+03,5.018701171875000000e+02,8.557232666015625000e+02
5.955000000000000000e+03,5.489572143554687500e+02,7.537619018554687500e+02
5.956000000000000000e+03,5.446917724609375000e+02,8.641383056640625000e+02
5.957000000000000000e+03,5.708808593750000000e+02,1.073388305664062500e+03
5.958000000000000000e+03,5.323285522460937500e+02,9.898684692382812500e+02
5.959000000000000000e+03,5.651815795898437500e+02,8.264696044921875000e+02
5.960000000000000000e+03,5.648512573242187500e+02,1.224926879882812500e+03
5.961000000000000000e+03,4.960587158203125000e+02,8.021464233398437500e+02
5.962000000000000000e+03,5.697504272460937500e+02,7.537103271484375000e+02
5.963000000000000000e+03,5.220474243164062500e+02,7.831918334960937500e+02
5.964000000000000000e+03,5.431690673828125000e+02,7.963078002929687500e+02
5.965000000000000000e+03,5.244865722656250000e+02,7.532310791015625000e+02
5.966000000000000000e+03,4.780259399414062500e+02,8.616473999023437500e+02
5.967000000000000000e+03,5.599628906250000000e+02,8.028995361328125000e+02
5.968000000000000000e+03,5.278239746093750000e+02,1.031294311523437500e+03
5.969000000000000000e+03,4.999416809082031250e+02,8.328032226562500000e+02
5.970000000000000000e+03,5.382257690429687500e+02,8.512011108398437500e+02
5.971000000000000000e+03,5.492218627929687500e+02,9.804734497070312500e+02
5.972000000000000000e+03,5.699686889648437500e+02,8.650959472656250000e+02
5.973000000000000000e+03,5.077390747070312500e+02,8.677695312500000000e+02
5.974000000000000000e+03,5.142322387695312500e+02,7.831889648437500000e+02
5.975000000000000000e+03,5.202916259765625000e+02,1.111413940429687500e+03
5.976000000000000000e+03,5.559658203125000000e+02,9.148731079101562500e+02
5.977000000000000000e+03,5.149489746093750000e+02,1.239365722656250000e+03
5.978000000000000000e+03,5.445741577148437500e+02,8.717640380859375000e+02
5.979000000000000000e+03,5.453477172851562500e+02,7.525238647460937500e+02
5.980000000000000000e+03,5.551674194335937500e+02,8.161533813476562500e+02
5.981000000000000000e+03,5.551448974609375000e+02,7.677929687500000000e+02
5.982000000000000000e+03,5.516885986328125000e+02,8.075366210937500000e+02
5.983000000000000000e+03,5.029227905273437500e+02,7.543186645507812500e+02
5.984000000000000000e+03,5.163977050781250000e+02,8.459132690429687500e+02
5.985000000000000000e+03,5.615166625976562500e+02,8.120884399414062500e+02
5.986000000000000000e+03,5.314963989257812500e+02,7.524315185546875000e+02
5.987000000000000000e+03,5.753228149414062500e+02,8.953604125976562500e+02
5.988000000000000000e+03,5.201773681640625000e+02,1.370306396484375000e+03
5.989000000000000000e+03,4.728529052734375000e+02,1.081779541015625000e+03
5.990000000000000000e+03,5.255570068359375000e+02,9.850313110351562500e+02
5.991000000000000000e+03,5.153413696289062500e+02,1.094175659179687500e+03
5.992000000000000000e+03,5.597772216796875000e+02,7.617142333984375000e+02
5.993000000000000000e+03,5.936586303710937500e+02,7.582362670898437500e+02
5.994000000000000000e+03,5.090366821289062500e+02,8.930386352539062500e+02
5.995000000000000000e+03,5.238284301757812500e+02,9.638661499023437500e+02
5.996000000000000000e+03,5.242020263671875000e+02,8.137722167968750000e+02
5.997000000000000000e+03,5.087496337890625000e+02,8.444201660156250000e+02
5.998000000000000000e+03,5.282050781250000000e+02,8.084967651367187500e+02
5.999000000000000000e+03,5.485817260742187500e+02,7.641182861328125000e+02
6.000000000000000000e+03,5.149282226562500000e+02,7.535234985351562500e+02
6.001000000000000000e+03,5.116482849121093750e+02,9.662302246093750000e+02
6.002000000000000000e+03,4.750744323730468750e+02,7.987409057617187500e+02
6.003000000000000000e+03,5.253196411132812500e+02,7.908218994140625000e+02
6.004000000000000000e+03,5.320288085937500000e+02,9.580209960937500000e+02
6.005000000000000000e+03,5.323690185546875000e+02,1.051974487304687500e+03
6.006000000000000000e+03,5.386936035156250000e+02,7.634710083007812500e+02
6.007000000000000000e+03,5.628903808593750000e+02,9.165267944335937500e+02
6.008000000000000000e+03,5.099310913085937500e+02,9.956751708984375000e+02
6.009000000000000000e+03,5.240646362304687500e+02,7.988667602539062500e+02
6.010000000000000000e+03,5.634954223632812500e+02,7.523723144531250000e+02
6.011000000000000000e+03,5.678538818359375000e+02,7.658004150390625000e+02
6.012000000000000000e+03,5.645556640625000000e+02,9.040301513671875000e+02
6.013000000000000000e+03,5.913712158203125000e+02,9.137081298828125000e+02
6.014000000000000000e+03,5.380564575195312500e+02,9.139151611328125000e+02
6.015000000000000000e+03,5.451120605468750000e+02,1.051174072265625000e+03
6.016000000000000000e+03,6.103617553710937500e+02,7.545797729492187500e+02
6.017000000000000000e+03,5.344993896484375000e+02,9.691992187500000000e+02
6.018000000000000000e+03,5.319258422851562500e+02,8.628665161132812500e+02
6.019000000000000000e+03,4.696249694824218750e+02,7.626342163085937500e+02
6.020000000000000000e+03,5.520993041992187500e+02,7.671867065429687500e+02
6.021000000000000000e+03,4.695045471191406250e+02,8.368095703125000000e+02
6.022000000000000000e+03,5.806581420898437500e+02,8.208703002929687500e+02
6.023000000000000000e+03,5.328466186523437500e+02,8.084123535156250000e+02
6.024000000000000000e+03,5.183572998046875000e+02,8.292207641601562500e+02
6.025000000000000000e+03,5.547744140625000000e+02,8.317293701171875000e+02
6.026000000000000000e+03,4.916097412109375000e+02,2.011223388671875000e+03
6.027000000000000000e+03,4.958427734375000000e+02,8.331229858398437500e+02
6.028000000000000000e+03,5.534298095703125000e+02,7.510078735351562500e+02
6.029000000000000000e+03,5.456842041015625000e+02,7.514136962890625000e+02
6.030000000000000000e+03,5.568634033203125000e+02,7.941967163085937500e+02
6.031000000000000000e+03,5.341267700195312500e+02,1.632189575195312500e+03
6.032000000000000000e+03,5.229543457031250000e+02,8.454535522460937500e+02
6.033000000000000000e+03,4.886916809082031250e+02,7.473326416015625000e+02
6.034000000000000000e+03,5.066607666015625000e+02,1.912203125000000000e+03
6.035000000000000000e+03,5.382617797851562500e+02,1.150458374023437500e+03
6.036000000000000000e+03,5.138950805664062500e+02,8.267222900390625000e+02
6.037000000000000000e+03,5.611038208007812500e+02,7.622098388671875000e+02
6.038000000000000000e+03,5.894900512695312500e+02,1.208733886718750000e+03
6.039000000000000000e+03,5.301497192382812500e+02,2.412426513671875000e+03
6.040000000000000000e+03,5.660538940429687500e+02,1.195745971679687500e+03
6.041000000000000000e+03,5.444948730468750000e+02,8.248732910156250000e+02
6.042000000000000000e+03,5.391806030273437500e+02,8.121307983398437500e+02
6.043000000000000000e+03,5.335632324218750000e+02,7.604101562500000000e+02
6.044000000000000000e+03,5.439852905273437500e+02,9.146030273437500000e+02
6.045000000000000000e+03,5.563010864257812500e+02,7.591889038085937500e+02
6.046000000000000000e+03,5.143130493164062500e+02,8.465699462890625000e+02
6.047000000000000000e+03,5.567309570312500000e+02,1.455340332031250000e+03
6.048000000000000000e+03,5.006951293945312500e+02,7.696706542968750000e+02
6.049000000000000000e+03,5.327753906250000000e+02,7.703889160156250000e+02
6.050000000000000000e+03,5.327401123046875000e+02,8.001702270507812500e+02
6.051000000000000000e+03,4.804361267089843750e+02,7.549611206054687500e+02
6.052000000000000000e+03,5.672312011718750000e+02,9.242129516601562500e+02
6.053000000000000000e+03,5.297926635742187500e+02,8.133615722656250000e+02
6.054000000000000000e+03,5.450224609375000000e+02,9.133364868164062500e+02
6.055000000000000000e+03,5.566158447265625000e+02,8.647005004882812500e+02
6.056000000000000000e+03,5.028312377929687500e+02,7.777522583007812500e+02
6.057000000000000000e+03,5.728176879882812500e+02,7.937758789062500000e+02
6.058000000000000000e+03,5.273079223632812500e+02,7.509492797851562500e+02
6.059000000000000000e+03,5.640958251953125000e+02,9.483710937500000000e+02
6.060000000000000000e+03,5.512196655273437500e+02,8.327520141601562500e+02
6.061000000000000000e+03,5.179707031250000000e+02,8.471326293945312500e+02
6.062000000000000000e+03,4.916500854492187500e+02,7.532678833007812500e+02
6.063000000000000000e+03,5.018319702148437500e+02,8.271647338867187500e+02
6.064000000000000000e+03,5.412258300781250000e+02,8.433052978515625000e+02
6.065000000000000000e+03,5.683609008789062500e+02,7.523060913085937500e+02
6.066000000000000000e+03,4.753556213378906250e+02,9.590267944335937500e+02
6.067000000000000000e+03,5.655554199218750000e+02,7.784230957031250000e+02
6.068000000000000000e+03,5.149721069335937500e+02,1.038273925781250000e+03
6.069000000000000000e+03,5.279465942382812500e+02,1.123890991210937500e+03
6.070000000000000000e+03,5.632340087890625000e+02,7.487855834960937500e+02
6.071000000000000000e+03,5.001596069335937500e+02,7.512467651367187500e+02
6.072000000000000000e+03,4.815614929199218750e+02,7.747746582031250000e+02
6.073000000000000000e+03,5.045122375488281250e+02,7.696557006835937500e+02
6.074000000000000000e+03,5.467390747070312500e+02,7.575554809570312500e+02
6.075000000000000000e+03,5.611467285156250000e+02,7.738245849609375000e+02
6.076000000000000000e+03,5.149287109375000000e+02,8.491953735351562500e+02
6.077000000000000000e+03,4.956469421386718750e+02,1.216482055664062500e+03
6.078000000000000000e+03,5.268599243164062500e+02,8.949425048828125000e+02
6.079000000000000000e+03,5.082905273437500000e+02,8.192864379882812500e+02
6.080000000000000000e+03,5.502662963867187500e+02,9.885627441406250000e+02
6.081000000000000000e+03,5.312682495117187500e+02,1.024420043945312500e+03
6.082000000000000000e+03,6.202189331054687500e+02,8.762308349609375000e+02
6.083000000000000000e+03,5.562687988281250000e+02,8.094262084960937500e+02
6.084000000000000000e+03,5.355684814453125000e+02,8.843845214843750000e+02
6.085000000000000000e+03,5.050321350097656250e+02,7.639282836914062500e+02
6.086000000000000000e+03,5.872802734375000000e+02,8.324477539062500000e+02
6.087000000000000000e+03,5.121200561523437500e+02,7.621138305664062500e+02
6.088000000000000000e+03,5.203784790039062500e+02,1.505715942382812500e+03
6.089000000000000000e+03,5.390695190429687500e+02,7.561849975585937500e+02
6.090000000000000000e+03,5.578861694335937500e+02,7.500607910156250000e+02
6.091000000000000000e+03,5.553213500976562500e+02,9.318355102539062500e+02
6.092000000000000000e+03,5.117282714843750000e+02,9.759949951171875000e+02
6.093000000000000000e+03,6.173837280273437500e+02,1.179238281250000000e+03
6.094000000000000000e+03,5.264188842773437500e+02,8.565259399414062500e+02
6.095000000000000000e+03,5.766128540039062500e+02,7.565320434570312500e+02
6.096000000000000000e+03,5.765593872070312500e+02,7.659473266601562500e+02
6.097000000000000000e+03,4.966433105468750000e+02,1.090980957031250000e+03
6.098000000000000000e+03,5.153835449218750000e+02,1.185747558593750000e+03
6.099000000000000000e+03,5.089281921386718750e+02,7.743547973632812500e+02
6.100000000000000000e+03,4.872257690429687500e+02,8.540228881835937500e+02
6.101000000000000000e+03,5.199403076171875000e+02,8.779385986328125000e+02
6.102000000000000000e+03,5.312213745117187500e+02,8.488258056640625000e+02
6.103000000000000000e+03,5.774572143554687500e+02,1.082371337890625000e+03
6.104000000000000000e+03,5.200398559570312500e+02,7.568961181640625000e+02
6.105000000000000000e+03,5.425608520507812500e+02,1.484708374023437500e+03
6.106000000000000000e+03,5.316590576171875000e+02,7.556229858398437500e+02
6.107000000000000000e+03,5.371171875000000000e+02,7.556033935546875000e+02
6.108000000000000000e+03,5.669367065429687500e+02,7.493268432617187500e+02
6.109000000000000000e+03,5.092944946289062500e+02,2.048041748046875000e+03
6.110000000000000000e+03,5.242509155273437500e+02,8.230422973632812500e+02
6.111000000000000000e+03,5.283239746093750000e+02,8.530628662109375000e+02
6.112000000000000000e+03,5.275255737304687500e+02,7.487317504882812500e+02
6.113000000000000000e+03,5.535403442382812500e+02,8.112435913085937500e+02
6.114000000000000000e+03,4.805302734375000000e+02,8.355846557617187500e+02
6.115000000000000000e+03,5.659871826171875000e+02,1.018711547851562500e+03
6.116000000000000000e+03,5.459904174804687500e+02,8.470673828125000000e+02
6.117000000000000000e+03,5.106703796386718750e+02,1.041653442382812500e+03
6.118000000000000000e+03,4.961951599121093750e+02,8.552415161132812500e+02
6.119000000000000000e+03,5.286486206054687500e+02,1.132738037109375000e+03
6.120000000000000000e+03,5.686149291992187500e+02,8.638250122070312500e+02
6.121000000000000000e+03,5.242154541015625000e+02,7.709646606445312500e+02
6.122000000000000000e+03,5.155754394531250000e+02,7.469208374023437500e+02
6.123000000000000000e+03,5.211432495117187500e+02,9.061784057617187500e+02
6.124000000000000000e+03,5.201058959960937500e+02,8.166342163085937500e+02
6.125000000000000000e+03,4.829040222167968750e+02,7.864399414062500000e+02
6.126000000000000000e+03,5.020025024414062500e+02,1.338479492187500000e+03
6.127000000000000000e+03,5.678358764648437500e+02,1.570816528320312500e+03
6.128000000000000000e+03,5.925833129882812500e+02,8.105688476562500000e+02
6.129000000000000000e+03,5.701363525390625000e+02,9.214345703125000000e+02
6.130000000000000000e+03,5.186042480468750000e+02,1.108994140625000000e+03
6.131000000000000000e+03,5.291342773437500000e+02,2.106840087890625000e+03
6.132000000000000000e+03,5.681407470703125000e+02,7.607159423828125000e+02
6.133000000000000000e+03,4.974996032714843750e+02,1.945832519531250000e+03
6.134000000000000000e+03,5.419447021484375000e+02,7.718366088867187500e+02
6.135000000000000000e+03,5.421744995117187500e+02,7.487265014648437500e+02
6.136000000000000000e+03,5.360626220703125000e+02,1.143443969726562500e+03
6.137000000000000000e+03,5.823054199218750000e+02,8.752712402343750000e+02
6.138000000000000000e+03,5.286576538085937500e+02,7.497395629882812500e+02
6.139000000000000000e+03,5.299912109375000000e+02,1.342549072265625000e+03
6.140000000000000000e+03,5.962172851562500000e+02,7.536563110351562500e+02
6.141000000000000000e+03,4.813093261718750000e+02,8.310993041992187500e+02
6.142000000000000000e+03,5.463400878906250000e+02,7.961716918945312500e+02
6.143000000000000000e+03,5.488178100585937500e+02,8.382138671875000000e+02
6.144000000000000000e+03,5.590710449218750000e+02,8.033092651367187500e+02
6.145000000000000000e+03,5.180344238281250000e+02,7.954149169921875000e+02
6.146000000000000000e+03,5.032508544921875000e+02,1.207022949218750000e+03
6.147000000000000000e+03,5.142089843750000000e+02,1.135027954101562500e+03
6.148000000000000000e+03,4.778139953613281250e+02,8.760800170898437500e+02
6.149000000000000000e+03,5.130231323242187500e+02,7.782388305664062500e+02
6.150000000000000000e+03,5.710227050781250000e+02,7.463223266601562500e+02
6.151000000000000000e+03,5.717584228515625000e+02,7.830641479492187500e+02
6.152000000000000000e+03,5.771544189453125000e+02,7.799408569335937500e+02
6.153000000000000000e+03,5.561825561523437500e+02,9.308431396484375000e+02
6.154000000000000000e+03,5.611179199218750000e+02,9.507786254882812500e+02
6.155000000000000000e+03,5.839605102539062500e+02,8.818622436523437500e+02
6.156000000000000000e+03,4.776415405273437500e+02,1.124659423828125000e+03
6.157000000000000000e+03,4.976581726074218750e+02,8.943544921875000000e+02
6.158000000000000000e+03,5.093515014648437500e+02,8.986431274414062500e+02
6.159000000000000000e+03,5.082211914062500000e+02,7.469918212890625000e+02
6.160000000000000000e+03,6.030579833984375000e+02,8.132333374023437500e+02
6.161000000000000000e+03,5.061909179687500000e+02,9.511720581054687500e+02
6.162000000000000000e+03,4.673863525390625000e+02,7.504804687500000000e+02
6.163000000000000000e+03,5.617552490234375000e+02,8.888729858398437500e+02
6.164000000000000000e+03,5.589431762695312500e+02,7.538409423828125000e+02
6.165000000000000000e+03,6.020895385742187500e+02,8.199061889648437500e+02
6.166000000000000000e+03,5.314154663085937500e+02,8.553612060546875000e+02
6.167000000000000000e+03,5.524821777343750000e+02,7.793387451171875000e+02
6.168000000000000000e+03,5.672774658203125000e+02,8.011630249023437500e+02
6.169000000000000000e+03,5.045942382812500000e+02,7.972445068359375000e+02
6.170000000000000000e+03,5.630216674804687500e+02,8.005626831054687500e+02
6.171000000000000000e+03,5.548283691406250000e+02,1.188292480468750000e+03
6.172000000000000000e+03,5.275354614257812500e+02,1.079807250976562500e+03
6.173000000000000000e+03,5.291331176757812500e+02,7.620882568359375000e+02
6.174000000000000000e+03,5.351340942382812500e+02,7.482457275390625000e+02
6.175000000000000000e+03,5.519426269531250000e+02,7.609637451171875000e+02
6.176000000000000000e+03,5.579840698242187500e+02,7.747792358398437500e+02
6.177000000000000000e+03,4.744667358398437500e+02,8.469492187500000000e+02
6.178000000000000000e+03,5.094424743652343750e+02,7.707156982421875000e+02
6.179000000000000000e+03,5.396350708007812500e+02,7.751044921875000000e+02
6.180000000000000000e+03,5.168640136718750000e+02,8.384286499023437500e+02
6.181000000000000000e+03,5.569248657226562500e+02,7.769309082031250000e+02
6.182000000000000000e+03,5.272682495117187500e+02,8.271511230468750000e+02
6.183000000000000000e+03,5.167094726562500000e+02,1.028539184570312500e+03
6.184000000000000000e+03,5.449501342773437500e+02,8.146947631835937500e+02
6.185000000000000000e+03,5.000134582519531250e+02,1.333578247070312500e+03
6.186000000000000000e+03,5.485593261718750000e+02,1.175277832031250000e+03
6.187000000000000000e+03,5.223634033203125000e+02,7.749181518554687500e+02
6.188000000000000000e+03,5.215864257812500000e+02,1.130095703125000000e+03
6.189000000000000000e+03,5.365761718750000000e+02,8.522064208984375000e+02
6.190000000000000000e+03,5.429208374023437500e+02,8.152019042968750000e+02
6.191000000000000000e+03,5.274127807617187500e+02,7.488427124023437500e+02
6.192000000000000000e+03,5.917183227539062500e+02,7.526864624023437500e+02
6.193000000000000000e+03,5.648668823242187500e+02,1.063318115234375000e+03
6.194000000000000000e+03,5.289390869140625000e+02,9.488059692382812500e+02
6.195000000000000000e+03,5.047226867675781250e+02,1.055821166992187500e+03
6.196000000000000000e+03,5.515126342773437500e+02,8.623260498046875000e+02
6.197000000000000000e+03,5.368806152343750000e+02,9.568088378906250000e+02
6.198000000000000000e+03,5.448071289062500000e+02,1.181121337890625000e+03
6.199000000000000000e+03,5.561868896484375000e+02,9.625937500000000000e+02
6.200000000000000000e+03,5.808453369140625000e+02,7.907816772460937500e+02
6.201000000000000000e+03,5.466079101562500000e+02,1.136764770507812500e+03
6.202000000000000000e+03,5.346155395507812500e+02,7.572843627929687500e+02
6.203000000000000000e+03,5.275288085937500000e+02,8.608568725585937500e+02
6.204000000000000000e+03,5.134310913085937500e+02,7.620357666015625000e+02
6.205000000000000000e+03,5.649134521484375000e+02,7.680646972656250000e+02
6.206000000000000000e+03,5.390068359375000000e+02,7.811679687500000000e+02
6.207000000000000000e+03,5.215430297851562500e+02,7.663626708984375000e+02
6.208000000000000000e+03,4.851919555664062500e+02,7.536729736328125000e+02
6.209000000000000000e+03,5.163851928710937500e+02,9.953678588867187500e+02
6.210000000000000000e+03,5.421077880859375000e+02,7.710513305664062500e+02
6.211000000000000000e+03,4.550217285156250000e+02,7.857014770507812500e+02
6.212000000000000000e+03,5.248868408203125000e+02,7.581638793945312500e+02
6.213000000000000000e+03,5.595601196289062500e+02,7.522002563476562500e+02
6.214000000000000000e+03,5.385717773437500000e+02,8.691940917968750000e+02
6.215000000000000000e+03,5.006016845703125000e+02,8.773939819335937500e+02
6.216000000000000000e+03,5.478386230468750000e+02,7.802584838867187500e+02
6.217000000000000000e+03,4.693820190429687500e+02,1.130287231445312500e+03
6.218000000000000000e+03,5.774803466796875000e+02,1.056683715820312500e+03
6.219000000000000000e+03,5.635545654296875000e+02,7.522003173828125000e+02
6.220000000000000000e+03,5.064438476562500000e+02,9.810575561523437500e+02
6.221000000000000000e+03,4.585605163574218750e+02,1.088729492187500000e+03
6.222000000000000000e+03,4.871239929199218750e+02,7.493953247070312500e+02
6.223000000000000000e+03,5.227580566406250000e+02,8.800614013671875000e+02
6.224000000000000000e+03,4.955363159179687500e+02,7.598973388671875000e+02
6.225000000000000000e+03,4.707048034667968750e+02,8.678499755859375000e+02
6.226000000000000000e+03,4.857460937500000000e+02,1.360698608398437500e+03
6.227000000000000000e+03,5.045412597656250000e+02,8.089227294921875000e+02
6.228000000000000000e+03,5.136286010742187500e+02,1.351662963867187500e+03
6.229000000000000000e+03,5.723345947265625000e+02,7.503563232421875000e+02
6.230000000000000000e+03,5.540058593750000000e+02,7.568721313476562500e+02
6.231000000000000000e+03,5.555272216796875000e+02,1.296508544921875000e+03
6.232000000000000000e+03,5.375197753906250000e+02,7.613666381835937500e+02
6.233000000000000000e+03,5.028208007812500000e+02,7.503889160156250000e+02
6.234000000000000000e+03,5.152136230468750000e+02,7.795188598632812500e+02
6.235000000000000000e+03,5.422814331054687500e+02,8.589407958984375000e+02
6.236000000000000000e+03,5.583775024414062500e+02,7.485128173828125000e+02
6.237000000000000000e+03,5.412578735351562500e+02,1.051827880859375000e+03
6.238000000000000000e+03,4.973948059082031250e+02,8.042096557617187500e+02
6.239000000000000000e+03,5.452983398437500000e+02,7.913678588867187500e+02
6.240000000000000000e+03,5.061796264648437500e+02,7.755670166015625000e+02
6.241000000000000000e+03,5.405599975585937500e+02,9.134722900390625000e+02
6.242000000000000000e+03,5.137876586914062500e+02,9.738541870117187500e+02
6.243000000000000000e+03,5.508111572265625000e+02,7.496788330078125000e+02
6.244000000000000000e+03,4.987713928222656250e+02,1.345237304687500000e+03
6.245000000000000000e+03,5.396683349609375000e+02,8.591401977539062500e+02
6.246000000000000000e+03,5.521597290039062500e+02,7.487089233398437500e+02
6.247000000000000000e+03,5.284846191406250000e+02,9.583818359375000000e+02
6.248000000000000000e+03,4.938281555175781250e+02,7.802282104492187500e+02
6.249000000000000000e+03,5.401400756835937500e+02,7.568639526367187500e+02
6.250000000000000000e+03,4.898592224121093750e+02,7.840390014648437500e+02
6.251000000000000000e+03,5.225108032226562500e+02,8.029319458007812500e+02
6.252000000000000000e+03,5.104007568359375000e+02,9.344341430664062500e+02
6.253000000000000000e+03,5.709467773437500000e+02,1.030645751953125000e+03
6.254000000000000000e+03,4.981520385742187500e+02,7.605513916015625000e+02
6.255000000000000000e+03,5.594066772460937500e+02,7.617323608398437500e+02
6.256000000000000000e+03,5.220629882812500000e+02,2.201220214843750000e+03
6.257000000000000000e+03,5.464097290039062500e+02,7.593856811523437500e+02
6.258000000000000000e+03,5.534879760742187500e+02,7.528847045898437500e+02
6.259000000000000000e+03,4.648885803222656250e+02,9.141448974609375000e+02
6.260000000000000000e+03,5.847305297851562500e+02,7.609437255859375000e+02
6.261000000000000000e+03,4.876219482421875000e+02,7.588080444335937500e+02
6.262000000000000000e+03,4.605192565917968750e+02,7.486850585937500000e+02
6.263000000000000000e+03,5.189467163085937500e+02,1.166127929687500000e+03
6.264000000000000000e+03,5.263572387695312500e+02,7.477730102539062500e+02
6.265000000000000000e+03,5.237594604492187500e+02,8.244880981445312500e+02
6.266000000000000000e+03,5.305451660156250000e+02,7.856311035156250000e+02
6.267000000000000000e+03,5.150422363281250000e+02,1.887639892578125000e+03
6.268000000000000000e+03,5.399202270507812500e+02,9.598934326171875000e+02
6.269000000000000000e+03,5.356875000000000000e+02,1.506644409179687500e+03
6.270000000000000000e+03,5.215304565429687500e+02,7.914030151367187500e+02
6.271000000000000000e+03,5.315204467773437500e+02,9.954592285156250000e+02
6.272000000000000000e+03,5.729486083984375000e+02,8.011371459960937500e+02
6.273000000000000000e+03,5.123189697265625000e+02,7.496866455078125000e+02
6.274000000000000000e+03,5.410641479492187500e+02,7.804381103515625000e+02
6.275000000000000000e+03,4.924327697753906250e+02,7.856723022460937500e+02
6.276000000000000000e+03,5.689210815429687500e+02,1.408729003906250000e+03
6.277000000000000000e+03,5.611680297851562500e+02,8.810244750976562500e+02
6.278000000000000000e+03,5.165194091796875000e+02,7.554144897460937500e+02
6.279000000000000000e+03,5.565763549804687500e+02,8.698125000000000000e+02
6.280000000000000000e+03,5.811813354492187500e+02,7.540629272460937500e+02
6.281000000000000000e+03,5.273210449218750000e+02,7.541845703125000000e+02
6.282000000000000000e+03,4.997632751464843750e+02,8.340140380859375000e+02
6.283000000000000000e+03,5.316575927734375000e+02,7.645619506835937500e+02
6.284000000000000000e+03,5.097860107421875000e+02,7.586213378906250000e+02
6.285000000000000000e+03,5.803251953125000000e+02,7.857921752929687500e+02
6.286000000000000000e+03,4.994512023925781250e+02,1.359468139648437500e+03
6.287000000000000000e+03,5.683110961914062500e+02,7.641762084960937500e+02
6.288000000000000000e+03,5.339642944335937500e+02,9.221773681640625000e+02
6.289000000000000000e+03,5.166082153320312500e+02,7.561517944335937500e+02
6.290000000000000000e+03,5.292857666015625000e+02,8.275080566406250000e+02
6.291000000000000000e+03,5.399645385742187500e+02,7.467123413085937500e+02
6.292000000000000000e+03,4.996847839355468750e+02,2.590376953125000000e+03
6.293000000000000000e+03,5.245355834960937500e+02,8.323349609375000000e+02
6.294000000000000000e+03,5.445009765625000000e+02,8.349615478515625000e+02
6.295000000000000000e+03,5.219858398437500000e+02,7.466904296875000000e+02
6.296000000000000000e+03,5.663633422851562500e+02,1.235995727539062500e+03
6.297000000000000000e+03,5.974944458007812500e+02,7.511186523437500000e+02
6.298000000000000000e+03,5.080923767089843750e+02,8.247379150390625000e+02
6.299000000000000000e+03,5.214327392578125000e+02,7.570551147460937500e+02
6.300000000000000000e+03,5.071103820800781250e+02,1.179932495117187500e+03
6.301000000000000000e+03,4.845371398925781250e+02,1.408357666015625000e+03
6.302000000000000000e+03,5.210592651367187500e+02,7.614239501953125000e+02
6.303000000000000000e+03,5.153548583984375000e+02,1.075250366210937500e+03
6.304000000000000000e+03,5.865461425781250000e+02,1.266329833984375000e+03
6.305000000000000000e+03,5.383076171875000000e+02,8.842940063476562500e+02
6.306000000000000000e+03,5.355839843750000000e+02,1.579637329101562500e+03
6.307000000000000000e+03,5.393436279296875000e+02,8.839599609375000000e+02
6.308000000000000000e+03,5.481500854492187500e+02,8.864033813476562500e+02
6.309000000000000000e+03,5.421691894531250000e+02,7.580362548828125000e+02
6.310000000000000000e+03,5.418445434570312500e+02,1.410747436523437500e+03
6.311000000000000000e+03,5.645523071289062500e+02,1.123101562500000000e+03
6.312000000000000000e+03,6.143065185546875000e+02,7.549038085937500000e+02
6.313000000000000000e+03,4.994089965820312500e+02,8.206429443359375000e+02
6.314000000000000000e+03,4.836383056640625000e+02,1.423128784179687500e+03
6.315000000000000000e+03,4.943812561035156250e+02,1.000573608398437500e+03
6.316000000000000000e+03,5.016086425781250000e+02,9.668475952148437500e+02
6.317000000000000000e+03,5.164014892578125000e+02,7.567789916992187500e+02
6.318000000000000000e+03,6.084773559570312500e+02,7.800764160156250000e+02
6.319000000000000000e+03,5.088839721679687500e+02,9.562676391601562500e+02
6.320000000000000000e+03,5.095820007324218750e+02,7.528408203125000000e+02
6.321000000000000000e+03,5.128377685546875000e+02,7.489287109375000000e+02
6.322000000000000000e+03,5.638297119140625000e+02,7.484623413085937500e+02
6.323000000000000000e+03,5.584970703125000000e+02,9.207274169921875000e+02
6.324000000000000000e+03,5.202322387695312500e+02,1.034962646484375000e+03
6.325000000000000000e+03,5.492116699218750000e+02,7.466957397460937500e+02
6.326000000000000000e+03,5.065603942871093750e+02,7.486027832031250000e+02
6.327000000000000000e+03,5.472012329101562500e+02,1.016764770507812500e+03
6.328000000000000000e+03,5.090909118652343750e+02,8.336535644531250000e+02
6.329000000000000000e+03,5.616646728515625000e+02,8.669468994140625000e+02
6.330000000000000000e+03,5.381571655273437500e+02,1.223109375000000000e+03
6.331000000000000000e+03,5.288236694335937500e+02,1.889909057617187500e+03
6.332000000000000000e+03,5.228278808593750000e+02,9.911430664062500000e+02
6.333000000000000000e+03,5.344440917968750000e+02,7.503147583007812500e+02
6.334000000000000000e+03,5.382584228515625000e+02,7.731456298828125000e+02
6.335000000000000000e+03,5.708868408203125000e+02,7.919699707031250000e+02
6.336000000000000000e+03,6.153907470703125000e+02,1.010433959960937500e+03
6.337000000000000000e+03,5.235729980468750000e+02,7.645000000000000000e+02
6.338000000000000000e+03,5.285159301757812500e+02,1.157713012695312500e+03
6.339000000000000000e+03,5.560492553710937500e+02,8.260335693359375000e+02
6.340000000000000000e+03,5.090617065429687500e+02,7.823040161132812500e+02
6.341000000000000000e+03,5.255666503906250000e+02,7.825297851562500000e+02
6.342000000000000000e+03,5.272144165039062500e+02,7.985562744140625000e+02
6.343000000000000000e+03,5.680213012695312500e+02,8.268657836914062500e+02
6.344000000000000000e+03,4.954890136718750000e+02,1.030630859375000000e+03
6.345000000000000000e+03,5.587749023437500000e+02,7.958589477539062500e+02
6.346000000000000000e+03,5.450317382812500000e+02,1.084717285156250000e+03
6.347000000000000000e+03,5.399612426757812500e+02,9.541041870117187500e+02
6.348000000000000000e+03,5.227003173828125000e+02,2.698985839843750000e+03
6.349000000000000000e+03,5.620406494140625000e+02,1.177661376953125000e+03
6.350000000000000000e+03,5.668801269531250000e+02,7.762717285156250000e+02
6.351000000000000000e+03,5.135914306640625000e+02,7.584002685546875000e+02
6.352000000000000000e+03,5.209514770507812500e+02,8.681099853515625000e+02
6.353000000000000000e+03,5.503012695312500000e+02,7.593168334960937500e+02
6.354000000000000000e+03,5.505399169921875000e+02,8.871965332031250000e+02
6.355000000000000000e+03,5.673419189453125000e+02,1.166212036132812500e+03
6.356000000000000000e+03,5.716315917968750000e+02,1.053704833984375000e+03
6.357000000000000000e+03,5.583446655273437500e+02,9.453454589843750000e+02
6.358000000000000000e+03,5.437870483398437500e+02,7.765396728515625000e+02
6.359000000000000000e+03,5.779345092773437500e+02,7.827315063476562500e+02
6.360000000000000000e+03,5.537505493164062500e+02,7.638209838867187500e+02
6.361000000000000000e+03,5.500767822265625000e+02,1.066395629882812500e+03
6.362000000000000000e+03,4.980235595703125000e+02,7.499991455078125000e+02
6.363000000000000000e+03,5.022296447753906250e+02,7.992990722656250000e+02
6.364000000000000000e+03,5.447446289062500000e+02,7.459918212890625000e+02
6.365000000000000000e+03,5.002164306640625000e+02,8.726975708007812500e+02
6.366000000000000000e+03,5.924617919921875000e+02,1.241302978515625000e+03
6.367000000000000000e+03,5.262580566406250000e+02,1.394770019531250000e+03
6.368000000000000000e+03,4.990664367675781250e+02,1.898828979492187500e+03
6.369000000000000000e+03,5.499330444335937500e+02,7.453065185546875000e+02
6.370000000000000000e+03,5.255615234375000000e+02,8.459776611328125000e+02
6.371000000000000000e+03,5.427952880859375000e+02,8.373707275390625000e+02
6.372000000000000000e+03,5.623830566406250000e+02,8.115563354492187500e+02
6.373000000000000000e+03,4.964443054199218750e+02,9.664409790039062500e+02
6.374000000000000000e+03,5.604149780273437500e+02,9.466194458007812500e+02
6.375000000000000000e+03,5.456487426757812500e+02,7.930662231445312500e+02
6.376000000000000000e+03,5.057646484375000000e+02,8.041381225585937500e+02
6.377000000000000000e+03,5.472835693359375000e+02,1.368750488281250000e+03
6.378000000000000000e+03,5.265980834960937500e+02,1.576880371093750000e+03
6.379000000000000000e+03,4.729999389648437500e+02,1.484141479492187500e+03
6.380000000000000000e+03,5.042624206542968750e+02,7.712606201171875000e+02
6.381000000000000000e+03,5.089423217773437500e+02,7.470799560546875000e+02
6.382000000000000000e+03,4.955734863281250000e+02,8.767288208007812500e+02
6.383000000000000000e+03,5.385655517578125000e+02,8.014119873046875000e+02
6.384000000000000000e+03,5.476982421875000000e+02,7.418470458984375000e+02
6.385000000000000000e+03,5.033664855957031250e+02,7.552450561523437500e+02
6.386000000000000000e+03,5.611412353515625000e+02,7.528591918945312500e+02
6.387000000000000000e+03,6.132857055664062500e+02,1.381940795898437500e+03
6.388000000000000000e+03,4.976942443847656250e+02,9.462802124023437500e+02
6.389000000000000000e+03,5.389959716796875000e+02,7.468978271484375000e+02
6.390000000000000000e+03,5.126286621093750000e+02,8.692999267578125000e+02
6.391000000000000000e+03,4.962995605468750000e+02,1.258743408203125000e+03
6.392000000000000000e+03,5.218753051757812500e+02,7.754320068359375000e+02
6.393000000000000000e+03,5.352063598632812500e+02,7.857082519531250000e+02
6.394000000000000000e+03,4.577403259277343750e+02,8.404298706054687500e+02
6.395000000000000000e+03,4.842307739257812500e+02,7.699979858398437500e+02
6.396000000000000000e+03,4.930223693847656250e+02,9.709640502929687500e+02
6.397000000000000000e+03,5.398701782226562500e+02,7.572255249023437500e+02
6.398000000000000000e+03,5.024979858398437500e+02,8.044873046875000000e+02
6.399000000000000000e+03,5.984511718750000000e+02,8.046623535156250000e+02
6.400000000000000000e+03,4.834309387207031250e+02,8.344309692382812500e+02
6.401000000000000000e+03,5.107435913085937500e+02,9.679436645507812500e+02
6.402000000000000000e+03,5.367146606445312500e+02,7.650925292968750000e+02
6.403000000000000000e+03,5.371997680664062500e+02,9.527269897460937500e+02
6.404000000000000000e+03,4.925384521484375000e+02,7.930888671875000000e+02
6.405000000000000000e+03,5.309783935546875000e+02,7.493199462890625000e+02
6.406000000000000000e+03,5.197908935546875000e+02,8.325238037109375000e+02
6.407000000000000000e+03,4.819479980468750000e+02,8.661081542968750000e+02
6.408000000000000000e+03,5.408292846679687500e+02,8.196056518554687500e+02
6.409000000000000000e+03,5.401049804687500000e+02,8.964450683593750000e+02
6.410000000000000000e+03,5.538425292968750000e+02,8.811747436523437500e+02
6.411000000000000000e+03,5.177431640625000000e+02,7.514568481445312500e+02
6.412000000000000000e+03,5.790350341796875000e+02,7.929969482421875000e+02
6.413000000000000000e+03,4.878532409667968750e+02,7.801345214843750000e+02
6.414000000000000000e+03,5.080433044433593750e+02,9.433264160156250000e+02
6.415000000000000000e+03,5.023163452148437500e+02,8.134698486328125000e+02
6.416000000000000000e+03,5.947227172851562500e+02,9.337595214843750000e+02
6.417000000000000000e+03,5.182656250000000000e+02,7.629138793945312500e+02
6.418000000000000000e+03,5.213107910156250000e+02,8.320551147460937500e+02
6.419000000000000000e+03,5.119156494140625000e+02,7.604365234375000000e+02
6.420000000000000000e+03,4.886168518066406250e+02,1.682784179687500000e+03
6.421000000000000000e+03,5.493475341796875000e+02,7.585127563476562500e+02
6.422000000000000000e+03,4.964156494140625000e+02,1.297792846679687500e+03
6.423000000000000000e+03,5.321333618164062500e+02,7.671258544921875000e+02
6.424000000000000000e+03,5.261597290039062500e+02,7.459776000976562500e+02
6.425000000000000000e+03,5.576046752929687500e+02,8.022834472656250000e+02
6.426000000000000000e+03,4.827055664062500000e+02,8.236278686523437500e+02
6.427000000000000000e+03,4.942916259765625000e+02,1.124505615234375000e+03
6.428000000000000000e+03,5.665919799804687500e+02,1.195458129882812500e+03
6.429000000000000000e+03,5.085816955566406250e+02,7.859392089843750000e+02
6.430000000000000000e+03,5.552294921875000000e+02,7.673610839843750000e+02
6.431000000000000000e+03,5.504661254882812500e+02,7.530289916992187500e+02
6.432000000000000000e+03,5.536441650390625000e+02,7.455217895507812500e+02
6.433000000000000000e+03,5.268299560546875000e+02,1.025040771484375000e+03
6.434000000000000000e+03,5.640503540039062500e+02,8.192941894531250000e+02
6.435000000000000000e+03,4.556533508300781250e+02,7.476140747070312500e+02
6.436000000000000000e+03,5.191804199218750000e+02,7.604963378906250000e+02
6.437000000000000000e+03,5.150223388671875000e+02,9.160471191406250000e+02
6.438000000000000000e+03,5.252150268554687500e+02,7.447279663085937500e+02
6.439000000000000000e+03,5.404959106445312500e+02,8.432345581054687500e+02
6.440000000000000000e+03,5.251218261718750000e+02,8.794664306640625000e+02
6.441000000000000000e+03,5.322895507812500000e+02,8.544718627929687500e+02
6.442000000000000000e+03,5.602142944335937500e+02,9.150931396484375000e+02
6.443000000000000000e+03,5.321334228515625000e+02,9.246246337890625000e+02
6.444000000000000000e+03,5.309387207031250000e+02,8.326350097656250000e+02
6.445000000000000000e+03,4.881847534179687500e+02,7.690187377929687500e+02
6.446000000000000000e+03,5.338066406250000000e+02,9.826234130859375000e+02
6.447000000000000000e+03,4.800381774902343750e+02,7.442124023437500000e+02
6.448000000000000000e+03,5.270595092773437500e+02,7.453458251953125000e+02
6.449000000000000000e+03,5.489878540039062500e+02,1.579896484375000000e+03
6.450000000000000000e+03,5.123866577148437500e+02,8.390432128906250000e+02
6.451000000000000000e+03,5.762563476562500000e+02,8.293898315429687500e+02
6.452000000000000000e+03,5.155201416015625000e+02,9.594319458007812500e+02
6.453000000000000000e+03,4.802900390625000000e+02,1.088350708007812500e+03
6.454000000000000000e+03,5.027889099121093750e+02,8.641456298828125000e+02
6.455000000000000000e+03,5.318704223632812500e+02,1.298309204101562500e+03
6.456000000000000000e+03,5.340622558593750000e+02,7.923828735351562500e+02
6.457000000000000000e+03,5.421077880859375000e+02,7.729796142578125000e+02
6.458000000000000000e+03,5.083467712402343750e+02,7.507880249023437500e+02
6.459000000000000000e+03,5.349898681640625000e+02,1.294568603515625000e+03
6.460000000000000000e+03,5.341729736328125000e+02,9.395198974609375000e+02
6.461000000000000000e+03,5.332753906250000000e+02,1.049095458984375000e+03
6.462000000000000000e+03,5.577071533203125000e+02,7.605250854492187500e+02
6.463000000000000000e+03,5.096377258300781250e+02,8.804826660156250000e+02
6.464000000000000000e+03,5.236613159179687500e+02,9.175455932617187500e+02
6.465000000000000000e+03,5.630783081054687500e+02,7.436788940429687500e+02
6.466000000000000000e+03,5.328560791015625000e+02,9.865968017578125000e+02
6.467000000000000000e+03,5.542691650390625000e+02,7.461134643554687500e+02
6.468000000000000000e+03,4.651900634765625000e+02,8.439128417968750000e+02
6.469000000000000000e+03,5.190943603515625000e+02,7.528621826171875000e+02
6.470000000000000000e+03,5.565570678710937500e+02,7.443765869140625000e+02
6.471000000000000000e+03,4.974447631835937500e+02,7.456464233398437500e+02
6.472000000000000000e+03,5.706035156250000000e+02,1.079348999023437500e+03
6.473000000000000000e+03,5.846259155273437500e+02,7.900972290039062500e+02
6.474000000000000000e+03,5.361731567382812500e+02,1.030484008789062500e+03
6.475000000000000000e+03,5.458673095703125000e+02,7.456459350585937500e+02
6.476000000000000000e+03,5.161593627929687500e+02,8.034505004882812500e+02
6.477000000000000000e+03,5.513698120117187500e+02,8.147584228515625000e+02
6.478000000000000000e+03,5.326880493164062500e+02,9.324685058593750000e+02
6.479000000000000000e+03,5.240117797851562500e+02,9.198587036132812500e+02
6.480000000000000000e+03,5.606384887695312500e+02,7.423334350585937500e+02
6.481000000000000000e+03,5.524508666992187500e+02,1.460323974609375000e+03
6.482000000000000000e+03,5.515765380859375000e+02,8.469801025390625000e+02
6.483000000000000000e+03,5.187005004882812500e+02,9.242008056640625000e+02
6.484000000000000000e+03,5.668515625000000000e+02,1.191919555664062500e+03
6.485000000000000000e+03,5.488911132812500000e+02,7.514260253906250000e+02
6.486000000000000000e+03,5.304528808593750000e+02,7.761991577148437500e+02
6.487000000000000000e+03,5.061373901367187500e+02,9.929481201171875000e+02
6.488000000000000000e+03,4.644739990234375000e+02,1.208360595703125000e+03
6.489000000000000000e+03,5.861717529296875000e+02,9.552173461914062500e+02
6.490000000000000000e+03,4.977531127929687500e+02,8.577232666015625000e+02
6.491000000000000000e+03,4.917432556152343750e+02,7.548165893554687500e+02
6.492000000000000000e+03,5.007652282714843750e+02,1.144278198242187500e+03
6.493000000000000000e+03,5.545662841796875000e+02,7.424064331054687500e+02
6.494000000000000000e+03,5.687854003906250000e+02,1.166595214843750000e+03
6.495000000000000000e+03,5.827887573242187500e+02,7.705681152343750000e+02
6.496000000000000000e+03,5.436041259765625000e+02,9.772293701171875000e+02
6.497000000000000000e+03,5.575945434570312500e+02,8.482903442382812500e+02
6.498000000000000000e+03,5.143067626953125000e+02,1.422889404296875000e+03
6.499000000000000000e+03,5.350635986328125000e+02,8.968404541015625000e+02
6.500000000000000000e+03,5.670821533203125000e+02,7.706612548828125000e+02
6.501000000000000000e+03,5.179791870117187500e+02,7.691317138671875000e+02
6.502000000000000000e+03,5.352479858398437500e+02,7.436503295898437500e+02
6.503000000000000000e+03,5.708590698242187500e+02,7.998052368164062500e+02
6.504000000000000000e+03,5.134521484375000000e+02,1.257703002929687500e+03
6.505000000000000000e+03,5.601267089843750000e+02,1.509593872070312500e+03
6.506000000000000000e+03,5.061308898925781250e+02,7.615881958007812500e+02
6.507000000000000000e+03,5.628674926757812500e+02,7.407390747070312500e+02
6.508000000000000000e+03,5.326538696289062500e+02,1.457054565429687500e+03
6.509000000000000000e+03,5.396347045898437500e+02,7.489323120117187500e+02
6.510000000000000000e+03,4.870887756347656250e+02,7.524526977539062500e+02
6.511000000000000000e+03,5.386755371093750000e+02,7.671567993164062500e+02
6.512000000000000000e+03,5.457796630859375000e+02,8.263710327148437500e+02
6.513000000000000000e+03,5.309834594726562500e+02,8.553748168945312500e+02
6.514000000000000000e+03,6.174849243164062500e+02,7.409152832031250000e+02
6.515000000000000000e+03,5.397611083984375000e+02,7.549644775390625000e+02
6.516000000000000000e+03,4.958948059082031250e+02,1.358218627929687500e+03
6.517000000000000000e+03,4.940033874511718750e+02,1.337319580078125000e+03
6.518000000000000000e+03,5.245796508789062500e+02,7.470100708007812500e+02
6.519000000000000000e+03,5.345231323242187500e+02,7.606994018554687500e+02
6.520000000000000000e+03,5.459207153320312500e+02,9.358446044921875000e+02
6.521000000000000000e+03,5.558382568359375000e+02,7.487933959960937500e+02
6.522000000000000000e+03,5.740338134765625000e+02,8.261188964843750000e+02
6.523000000000000000e+03,5.575438232421875000e+02,7.538610839843750000e+02
6.524000000000000000e+03,4.899126586914062500e+02,1.005143737792968750e+03
6.525000000000000000e+03,4.919614562988281250e+02,8.655053100585937500e+02
6.526000000000000000e+03,4.864745483398437500e+02,7.572042236328125000e+02
6.527000000000000000e+03,5.903695068359375000e+02,1.038097290039062500e+03
6.528000000000000000e+03,5.061086730957031250e+02,8.316779785156250000e+02
6.529000000000000000e+03,5.572166137695312500e+02,7.520208129882812500e+02
6.530000000000000000e+03,5.737723388671875000e+02,7.659096069335937500e+02
6.531000000000000000e+03,5.250053100585937500e+02,7.672222900390625000e+02
6.532000000000000000e+03,5.155971069335937500e+02,7.602476806640625000e+02
6.533000000000000000e+03,4.688178100585937500e+02,7.852771606445312500e+02
6.534000000000000000e+03,5.158795166015625000e+02,9.866175537109375000e+02
6.535000000000000000e+03,5.070569458007812500e+02,1.598755004882812500e+03
6.536000000000000000e+03,5.643333129882812500e+02,8.069649047851562500e+02
6.537000000000000000e+03,5.269644775390625000e+02,1.142610473632812500e+03
6.538000000000000000e+03,5.111468505859375000e+02,1.034167602539062500e+03
6.539000000000000000e+03,5.732510986328125000e+02,1.066866699218750000e+03
6.540000000000000000e+03,4.863556213378906250e+02,8.361504516601562500e+02
6.541000000000000000e+03,4.995044250488281250e+02,8.653526000976562500e+02
6.542000000000000000e+03,4.820407714843750000e+02,9.002806396484375000e+02
6.543000000000000000e+03,5.308410644531250000e+02,8.317587890625000000e+02
6.544000000000000000e+03,5.516587524414062500e+02,8.475690917968750000e+02
6.545000000000000000e+03,5.068175964355468750e+02,7.994300537109375000e+02
6.546000000000000000e+03,5.152834472656250000e+02,7.515559692382812500e+02
6.547000000000000000e+03,5.110334472656250000e+02,7.458756713867187500e+02
6.548000000000000000e+03,5.645839843750000000e+02,8.549218139648437500e+02
6.549000000000000000e+03,4.736431274414062500e+02,8.436677246093750000e+02
6.550000000000000000e+03,5.580584106445312500e+02,7.786593017578125000e+02
6.551000000000000000e+03,5.133941040039062500e+02,9.150698852539062500e+02
6.552000000000000000e+03,5.459083862304687500e+02,1.214236083984375000e+03
6.553000000000000000e+03,5.647147216796875000e+02,7.429208374023437500e+02
6.554000000000000000e+03,5.585831298828125000e+02,7.497894897460937500e+02
6.555000000000000000e+03,5.383237915039062500e+02,7.555960083007812500e+02
6.556000000000000000e+03,5.513981933593750000e+02,8.246710205078125000e+02
6.557000000000000000e+03,5.060658569335937500e+02,8.959884643554687500e+02
6.558000000000000000e+03,5.761755371093750000e+02,1.057406372070312500e+03
6.559000000000000000e+03,5.146705322265625000e+02,7.491776733398437500e+02
6.560000000000000000e+03,5.155184936523437500e+02,7.485181274414062500e+02
6.561000000000000000e+03,5.153193359375000000e+02,1.622672241210937500e+03
6.562000000000000000e+03,5.211936645507812500e+02,9.226879272460937500e+02
6.563000000000000000e+03,5.455737915039062500e+02,1.414404663085937500e+03
6.564000000000000000e+03,5.810894165039062500e+02,7.632479858398437500e+02
6.565000000000000000e+03,5.246896362304687500e+02,8.165900268554687500e+02
6.566000000000000000e+03,5.612984619140625000e+02,7.742769165039062500e+02
6.567000000000000000e+03,4.597746276855468750e+02,7.462004394531250000e+02
6.568000000000000000e+03,5.156831054687500000e+02,7.844616088867187500e+02
6.569000000000000000e+03,5.901989135742187500e+02,7.516044921875000000e+02
6.570000000000000000e+03,5.200695800781250000e+02,9.341082763671875000e+02
6.571000000000000000e+03,5.101428833007812500e+02,8.754306640625000000e+02
6.572000000000000000e+03,5.257557983398437500e+02,9.825111083984375000e+02
6.573000000000000000e+03,5.846838378906250000e+02,7.934808349609375000e+02
6.574000000000000000e+03,5.109565124511718750e+02,8.530357055664062500e+02
6.575000000000000000e+03,5.118127136230468750e+02,9.672399291992187500e+02
6.576000000000000000e+03,5.233908691406250000e+02,7.580244750976562500e+02
6.577000000000000000e+03,5.383193969726562500e+02,7.987318725585937500e+02
6.578000000000000000e+03,5.159986572265625000e+02,9.986159057617187500e+02
6.579000000000000000e+03,5.138755493164062500e+02,8.385625610351562500e+02
6.580000000000000000e+03,5.232776489257812500e+02,8.720119628906250000e+02
6.581000000000000000e+03,5.197043457031250000e+02,1.087449829101562500e+03
6.582000000000000000e+03,4.836398010253906250e+02,7.488558959960937500e+02
6.583000000000000000e+03,5.853095703125000000e+02,7.705046997070312500e+02
6.584000000000000000e+03,5.298023681640625000e+02,8.167327880859375000e+02
6.585000000000000000e+03,4.724779052734375000e+02,7.438709106445312500e+02
6.586000000000000000e+03,4.900992126464843750e+02,1.006649658203125000e+03
6.587000000000000000e+03,5.400997314453125000e+02,1.168500854492187500e+03
6.588000000000000000e+03,5.642692260742187500e+02,8.893225097656250000e+02
6.589000000000000000e+03,4.995735778808593750e+02,7.698499755859375000e+02
6.590000000000000000e+03,5.478117675781250000e+02,1.447337402343750000e+03
6.591000000000000000e+03,6.254134521484375000e+02,7.698762817382812500e+02
6.592000000000000000e+03,5.732586059570312500e+02,8.450908203125000000e+02
6.593000000000000000e+03,5.155867309570312500e+02,7.477330932617187500e+02
6.594000000000000000e+03,6.039983520507812500e+02,8.401519165039062500e+02
6.595000000000000000e+03,5.605419921875000000e+02,7.541648559570312500e+02
6.596000000000000000e+03,4.831485900878906250e+02,9.012233276367187500e+02
6.597000000000000000e+03,4.926763305664062500e+02,7.509979858398437500e+02
6.598000000000000000e+03,4.682901000976562500e+02,1.938179321289062500e+03
6.599000000000000000e+03,5.638927001953125000e+02,7.854216918945312500e+02
6.600000000000000000e+03,5.068061828613281250e+02,7.625559692382812500e+02
6.601000000000000000e+03,5.500030517578125000e+02,7.448704833984375000e+02
6.602000000000000000e+03,5.149822387695312500e+02,8.043487548828125000e+02
6.603000000000000000e+03,4.905549011230468750e+02,7.471252441406250000e+02
6.604000000000000000e+03,5.304254760742187500e+02,7.505906372070312500e+02
6.605000000000000000e+03,5.233325805664062500e+02,8.042915649414062500e+02
6.606000000000000000e+03,5.553889770507812500e+02,1.428609741210937500e+03
6.607000000000000000e+03,5.318079223632812500e+02,7.679069213867187500e+02
6.608000000000000000e+03,5.647235717773437500e+02,7.458322143554687500e+02
6.609000000000000000e+03,5.171189575195312500e+02,9.057363891601562500e+02
6.610000000000000000e+03,5.155778198242187500e+02,7.512125854492187500e+02
6.611000000000000000e+03,5.027013244628906250e+02,7.511085205078125000e+02
6.612000000000000000e+03,5.228234863281250000e+02,8.358651123046875000e+02
6.613000000000000000e+03,5.029724731445312500e+02,7.466203002929687500e+02
6.614000000000000000e+03,5.379166870117187500e+02,7.575225830078125000e+02
6.615000000000000000e+03,5.357597045898437500e+02,8.651021118164062500e+02
6.616000000000000000e+03,5.569898681640625000e+02,7.484307861328125000e+02
6.617000000000000000e+03,5.529326171875000000e+02,8.581764526367187500e+02
6.618000000000000000e+03,5.267438354492187500e+02,1.287364624023437500e+03
6.619000000000000000e+03,5.418220825195312500e+02,9.478043212890625000e+02
6.620000000000000000e+03,5.093174743652343750e+02,8.095083618164062500e+02
6.621000000000000000e+03,5.057313842773437500e+02,7.877997436523437500e+02
6.622000000000000000e+03,5.746089477539062500e+02,9.717286376953125000e+02
6.623000000000000000e+03,5.134691162109375000e+02,1.312414550781250000e+03
6.624000000000000000e+03,5.315184936523437500e+02,7.527933349609375000e+02
6.625000000000000000e+03,5.030192260742187500e+02,7.999382934570312500e+02
6.626000000000000000e+03,5.740758056640625000e+02,1.037201782226562500e+03
6.627000000000000000e+03,5.024797973632812500e+02,7.900063476562500000e+02
6.628000000000000000e+03,4.957968750000000000e+02,9.058316040039062500e+02
6.629000000000000000e+03,4.353811035156250000e+02,7.614159545898437500e+02
6.630000000000000000e+03,5.051034851074218750e+02,1.280383544921875000e+03
6.631000000000000000e+03,4.956719360351562500e+02,7.522179565429687500e+02
6.632000000000000000e+03,4.972807312011718750e+02,1.165381958007812500e+03
6.633000000000000000e+03,4.805237731933593750e+02,2.469302734375000000e+03
6.634000000000000000e+03,5.352731323242187500e+02,7.645410766601562500e+02
6.635000000000000000e+03,5.461483764648437500e+02,7.660244750976562500e+02
6.636000000000000000e+03,5.243618164062500000e+02,7.846492919921875000e+02
6.637000000000000000e+03,4.970941467285156250e+02,9.033566894531250000e+02
6.638000000000000000e+03,5.514784545898437500e+02,7.417530517578125000e+02
6.639000000000000000e+03,5.514445190429687500e+02,1.158949096679687500e+03
6.640000000000000000e+03,5.210297851562500000e+02,7.490355224609375000e+02
6.641000000000000000e+03,5.637570800781250000e+02,7.567927246093750000e+02
6.642000000000000000e+03,5.232998657226562500e+02,7.670904541015625000e+02
6.643000000000000000e+03,5.580769042968750000e+02,7.489843139648437500e+02
6.644000000000000000e+03,5.012531738281250000e+02,7.424202270507812500e+02
6.645000000000000000e+03,4.965796813964843750e+02,1.014773437500000000e+03
6.646000000000000000e+03,5.087086791992187500e+02,1.005943420410156250e+03
6.647000000000000000e+03,5.085451660156250000e+02,8.127203369140625000e+02
6.648000000000000000e+03,4.985738830566406250e+02,8.470232543945312500e+02
6.649000000000000000e+03,4.936092529296875000e+02,7.450150756835937500e+02
6.650000000000000000e+03,5.402171630859375000e+02,7.863133544921875000e+02
6.651000000000000000e+03,5.241504516601562500e+02,7.425604858398437500e+02
6.652000000000000000e+03,4.832070312500000000e+02,7.954449462890625000e+02
6.653000000000000000e+03,5.300834350585937500e+02,1.016530639648437500e+03
6.654000000000000000e+03,5.239510498046875000e+02,8.550906372070312500e+02
6.655000000000000000e+03,5.009364318847656250e+02,7.529074707031250000e+02
6.656000000000000000e+03,5.354649047851562500e+02,7.448978881835937500e+02
6.657000000000000000e+03,5.387457885742187500e+02,7.912261352539062500e+02
6.658000000000000000e+03,5.292089843750000000e+02,8.764389038085937500e+02
6.659000000000000000e+03,5.311468505859375000e+02,8.856066894531250000e+02
6.660000000000000000e+03,4.917435913085937500e+02,1.124941894531250000e+03
6.661000000000000000e+03,5.851856689453125000e+02,1.170587280273437500e+03
6.662000000000000000e+03,5.758429565429687500e+02,8.496307983398437500e+02
6.663000000000000000e+03,5.119766845703125000e+02,9.576037597656250000e+02
6.664000000000000000e+03,5.453487548828125000e+02,1.051519531250000000e+03
6.665000000000000000e+03,5.032109375000000000e+02,1.942335083007812500e+03
6.666000000000000000e+03,5.554606933593750000e+02,7.469990234375000000e+02
6.667000000000000000e+03,5.401939086914062500e+02,7.667921752929687500e+02
6.668000000000000000e+03,5.059354553222656250e+02,8.239679565429687500e+02
6.669000000000000000e+03,5.443687133789062500e+02,8.337546997070312500e+02
6.670000000000000000e+03,5.621660766601562500e+02,7.765777587890625000e+02
6.671000000000000000e+03,5.279932861328125000e+02,8.335809936523437500e+02
6.672000000000000000e+03,5.161278076171875000e+02,7.430997314453125000e+02
6.673000000000000000e+03,5.482684326171875000e+02,8.894620361328125000e+02
6.674000000000000000e+03,5.188070068359375000e+02,7.934787597656250000e+02
6.675000000000000000e+03,5.433920288085937500e+02,8.063613891601562500e+02
6.676000000000000000e+03,4.817861328125000000e+02,9.804481811523437500e+02
6.677000000000000000e+03,5.608467407226562500e+02,8.722321166992187500e+02
6.678000000000000000e+03,5.444224853515625000e+02,1.044793090820312500e+03
6.679000000000000000e+03,4.959852905273437500e+02,7.438085937500000000e+02
6.680000000000000000e+03,5.199170532226562500e+02,7.994712524414062500e+02
6.681000000000000000e+03,5.412035522460937500e+02,9.745843505859375000e+02
6.682000000000000000e+03,5.086365661621093750e+02,1.319367309570312500e+03
6.683000000000000000e+03,5.252640380859375000e+02,2.646298339843750000e+03
6.684000000000000000e+03,5.485710449218750000e+02,7.562677001953125000e+02
6.685000000000000000e+03,5.266964111328125000e+02,1.044020141601562500e+03
6.686000000000000000e+03,5.291822509765625000e+02,8.105561523437500000e+02
6.687000000000000000e+03,5.272332763671875000e+02,8.453222045898437500e+02
6.688000000000000000e+03,5.737165527343750000e+02,8.415133666992187500e+02
6.689000000000000000e+03,5.277769775390625000e+02,1.052267333984375000e+03
6.690000000000000000e+03,5.665497436523437500e+02,7.730822753906250000e+02
6.691000000000000000e+03,5.085881347656250000e+02,7.509580688476562500e+02
6.692000000000000000e+03,5.212357177734375000e+02,9.045928955078125000e+02
6.693000000000000000e+03,5.259497070312500000e+02,8.165185546875000000e+02
6.694000000000000000e+03,5.012155456542968750e+02,7.459040527343750000e+02
6.695000000000000000e+03,5.293094482421875000e+02,7.684168701171875000e+02
6.696000000000000000e+03,5.187708129882812500e+02,7.978533935546875000e+02
6.697000000000000000e+03,5.154972534179687500e+02,1.732969604492187500e+03
6.698000000000000000e+03,5.576172485351562500e+02,7.441837768554687500e+02
6.699000000000000000e+03,5.295588989257812500e+02,7.741666870117187500e+02
6.700000000000000000e+03,5.519817504882812500e+02,7.618774414062500000e+02
6.701000000000000000e+03,5.327223510742187500e+02,7.457322998046875000e+02
6.702000000000000000e+03,5.325636596679687500e+02,7.923934936523437500e+02
6.703000000000000000e+03,5.241112060546875000e+02,7.896399536132812500e+02
6.704000000000000000e+03,5.560166625976562500e+02,7.535654296875000000e+02
6.705000000000000000e+03,5.158541259765625000e+02,9.272360839843750000e+02
6.706000000000000000e+03,5.502835083007812500e+02,9.566917724609375000e+02
6.707000000000000000e+03,4.379060668945312500e+02,1.202364746093750000e+03
6.708000000000000000e+03,4.877530212402343750e+02,1.825671386718750000e+03
6.709000000000000000e+03,5.040908508300781250e+02,7.865257568359375000e+02
6.710000000000000000e+03,5.325321655273437500e+02,7.959064331054687500e+02
6.711000000000000000e+03,5.460604858398437500e+02,9.156072998046875000e+02
6.712000000000000000e+03,5.546068115234375000e+02,7.631176147460937500e+02
6.713000000000000000e+03,5.406692504882812500e+02,1.188083740234375000e+03
6.714000000000000000e+03,5.098424072265625000e+02,1.811901611328125000e+03
6.715000000000000000e+03,5.879982299804687500e+02,7.832274169921875000e+02
6.716000000000000000e+03,5.509615478515625000e+02,7.810542602539062500e+02
6.717000000000000000e+03,4.965352783203125000e+02,8.696130981445312500e+02
6.718000000000000000e+03,5.520093994140625000e+02,9.396330566406250000e+02
6.719000000000000000e+03,4.727611694335937500e+02,9.606953735351562500e+02
6.720000000000000000e+03,5.691395263671875000e+02,8.251623535156250000e+02
6.721000000000000000e+03,5.308934326171875000e+02,7.672183227539062500e+02
6.722000000000000000e+03,5.063056030273437500e+02,7.487954711914062500e+02
6.723000000000000000e+03,5.022413940429687500e+02,7.423417358398437500e+02
6.724000000000000000e+03,4.846915893554687500e+02,2.673287597656250000e+03
6.725000000000000000e+03,4.959951171875000000e+02,1.234851928710937500e+03
6.726000000000000000e+03,5.434645385742187500e+02,1.023828186035156250e+03
6.727000000000000000e+03,5.227437744140625000e+02,7.609148559570312500e+02
6.728000000000000000e+03,5.159859008789062500e+02,8.904730224609375000e+02
6.729000000000000000e+03,5.280184326171875000e+02,8.216305541992187500e+02
6.730000000000000000e+03,5.462863159179687500e+02,7.761920776367187500e+02
6.731000000000000000e+03,5.193380737304687500e+02,9.438179931640625000e+02
6.732000000000000000e+03,5.027528991699218750e+02,7.614909667968750000e+02
6.733000000000000000e+03,5.275648193359375000e+02,9.330092773437500000e+02
6.734000000000000000e+03,5.380899658203125000e+02,1.035487548828125000e+03
6.735000000000000000e+03,5.246962280273437500e+02,9.920057373046875000e+02
6.736000000000000000e+03,5.085117187500000000e+02,7.428283691406250000e+02
6.737000000000000000e+03,5.275809326171875000e+02,9.821776733398437500e+02
6.738000000000000000e+03,5.642391967773437500e+02,7.428943481445312500e+02
6.739000000000000000e+03,5.427972412109375000e+02,1.228687866210937500e+03
6.740000000000000000e+03,5.046550292968750000e+02,1.203582153320312500e+03
6.741000000000000000e+03,5.026583557128906250e+02,7.558714599609375000e+02
6.742000000000000000e+03,5.818206176757812500e+02,8.030565795898437500e+02
6.743000000000000000e+03,5.190055541992187500e+02,7.867817993164062500e+02
6.744000000000000000e+03,5.369202880859375000e+02,7.794765625000000000e+02
6.745000000000000000e+03,5.361784667968750000e+02,8.032862548828125000e+02
6.746000000000000000e+03,5.159658203125000000e+02,7.610847167968750000e+02
6.747000000000000000e+03,5.084233398437500000e+02,8.262201538085937500e+02
6.748000000000000000e+03,5.653383789062500000e+02,7.507814331054687500e+02
6.749000000000000000e+03,5.143015136718750000e+02,7.422909545898437500e+02
6.750000000000000000e+03,5.177955932617187500e+02,7.560861206054687500e+02
6.751000000000000000e+03,5.259583129882812500e+02,1.179087768554687500e+03
6.752000000000000000e+03,5.478757934570312500e+02,1.105396606445312500e+03
6.753000000000000000e+03,4.968640136718750000e+02,1.327672485351562500e+03
6.754000000000000000e+03,5.277968139648437500e+02,7.432230224609375000e+02
6.755000000000000000e+03,5.210150756835937500e+02,8.810172119140625000e+02
6.756000000000000000e+03,5.043823242187500000e+02,1.686350219726562500e+03
6.757000000000000000e+03,5.782572021484375000e+02,7.452731933593750000e+02
6.758000000000000000e+03,5.040862731933593750e+02,7.805758056640625000e+02
6.759000000000000000e+03,5.944591674804687500e+02,7.485668334960937500e+02
6.760000000000000000e+03,5.694662475585937500e+02,9.043889770507812500e+02
6.761000000000000000e+03,5.237069091796875000e+02,7.686094360351562500e+02
6.762000000000000000e+03,4.973477783203125000e+02,7.584705810546875000e+02
6.763000000000000000e+03,5.322042236328125000e+02,1.220061157226562500e+03
6.764000000000000000e+03,4.768452453613281250e+02,8.141130371093750000e+02
6.765000000000000000e+03,5.138134155273437500e+02,1.272067504882812500e+03
6.766000000000000000e+03,5.277648925781250000e+02,9.860022583007812500e+02
6.767000000000000000e+03,5.051873474121093750e+02,7.684343872070312500e+02
6.768000000000000000e+03,5.867991943359375000e+02,8.637775878906250000e+02
6.769000000000000000e+03,5.133822631835937500e+02,8.683063964843750000e+02
6.770000000000000000e+03,5.799224853515625000e+02,7.737512207031250000e+02
6.771000000000000000e+03,4.914255676269531250e+02,9.107150268554687500e+02
6.772000000000000000e+03,5.311681518554687500e+02,8.977177124023437500e+02
6.773000000000000000e+03,5.336317138671875000e+02,9.501753540039062500e+02
6.774000000000000000e+03,5.035254516601562500e+02,1.099489379882812500e+03
6.775000000000000000e+03,4.997199707031250000e+02,8.073196411132812500e+02
6.776000000000000000e+03,5.136860351562500000e+02,1.166071899414062500e+03
6.777000000000000000e+03,5.564002685546875000e+02,7.638801879882812500e+02
6.778000000000000000e+03,4.821370849609375000e+02,8.554603881835937500e+02
6.779000000000000000e+03,4.835339965820312500e+02,7.452524414062500000e+02
6.780000000000000000e+03,5.100227355957031250e+02,1.358421264648437500e+03
6.781000000000000000e+03,5.531112060546875000e+02,9.148768310546875000e+02
6.782000000000000000e+03,5.548826293945312500e+02,1.400483886718750000e+03
6.783000000000000000e+03,5.088869323730468750e+02,7.438471069335937500e+02
6.784000000000000000e+03,5.347926025390625000e+02,1.018954956054687500e+03
6.785000000000000000e+03,5.444175415039062500e+02,7.739477539062500000e+02
6.786000000000000000e+03,4.573642883300781250e+02,7.755175170898437500e+02
6.787000000000000000e+03,5.404253540039062500e+02,7.886985473632812500e+02
6.788000000000000000e+03,5.189061279296875000e+02,7.843629150390625000e+02
6.789000000000000000e+03,5.101240234375000000e+02,1.110003540039062500e+03
6.790000000000000000e+03,4.942574157714843750e+02,7.534115600585937500e+02
6.791000000000000000e+03,5.501072998046875000e+02,8.970559082031250000e+02
6.792000000000000000e+03,5.734821166992187500e+02,7.430142211914062500e+02
6.793000000000000000e+03,5.695502929687500000e+02,7.542006225585937500e+02
6.794000000000000000e+03,5.228572387695312500e+02,7.672938232421875000e+02
6.795000000000000000e+03,5.518903198242187500e+02,7.433723144531250000e+02
6.796000000000000000e+03,5.444074707031250000e+02,7.835925292968750000e+02
6.797000000000000000e+03,5.319104614257812500e+02,8.119950561523437500e+02
6.798000000000000000e+03,5.305252685546875000e+02,7.736371459960937500e+02
6.799000000000000000e+03,5.307937622070312500e+02,7.637583618164062500e+02
6.800000000000000000e+03,5.406730957031250000e+02,9.953892211914062500e+02
6.801000000000000000e+03,4.810483703613281250e+02,7.873059082031250000e+02
6.802000000000000000e+03,5.343583984375000000e+02,7.426981201171875000e+02
6.803000000000000000e+03,5.192147827148437500e+02,1.956373657226562500e+03
6.804000000000000000e+03,5.707525024414062500e+02,1.302746582031250000e+03
6.805000000000000000e+03,5.725083618164062500e+02,7.706945190429687500e+02
6.806000000000000000e+03,5.634664916992187500e+02,7.484551391601562500e+02
6.807000000000000000e+03,4.920269470214843750e+02,9.634230957031250000e+02
6.808000000000000000e+03,5.829342041015625000e+02,9.492479248046875000e+02
6.809000000000000000e+03,5.018618164062500000e+02,8.245767211914062500e+02
6.810000000000000000e+03,5.040528869628906250e+02,2.699845947265625000e+03
6.811000000000000000e+03,5.216597290039062500e+02,7.521926879882812500e+02
6.812000000000000000e+03,4.879488220214843750e+02,7.729403686523437500e+02
6.813000000000000000e+03,5.515767822265625000e+02,7.752634277343750000e+02
6.814000000000000000e+03,4.781937561035156250e+02,7.481501464843750000e+02
6.815000000000000000e+03,5.868981323242187500e+02,7.790191650390625000e+02
6.816000000000000000e+03,5.720391845703125000e+02,2.041129028320312500e+03
6.817000000000000000e+03,5.192665405273437500e+02,1.772981933593750000e+03
6.818000000000000000e+03,5.505895996093750000e+02,1.304499145507812500e+03
6.819000000000000000e+03,5.015633544921875000e+02,7.927097167968750000e+02
6.820000000000000000e+03,5.066036071777343750e+02,1.193483886718750000e+03
6.821000000000000000e+03,5.276473999023437500e+02,8.093203735351562500e+02
6.822000000000000000e+03,5.363757934570312500e+02,8.550488891601562500e+02
6.823000000000000000e+03,4.956065979003906250e+02,8.405036621093750000e+02
6.824000000000000000e+03,5.088505249023437500e+02,8.878813476562500000e+02
6.825000000000000000e+03,5.126956176757812500e+02,8.977407226562500000e+02
6.826000000000000000e+03,5.833916625976562500e+02,3.157039550781250000e+03
6.827000000000000000e+03,5.271762084960937500e+02,7.527730712890625000e+02
6.828000000000000000e+03,4.764449157714843750e+02,7.426129150390625000e+02
6.829000000000000000e+03,5.328969116210937500e+02,7.477288208007812500e+02
6.830000000000000000e+03,5.388188476562500000e+02,7.653933105468750000e+02
6.831000000000000000e+03,5.538514404296875000e+02,9.209122314453125000e+02
6.832000000000000000e+03,5.037300720214843750e+02,1.669686645507812500e+03
6.833000000000000000e+03,4.805024108886718750e+02,7.447796630859375000e+02
6.834000000000000000e+03,5.356590576171875000e+02,8.298260498046875000e+02
6.835000000000000000e+03,5.258886718750000000e+02,1.133967529296875000e+03
6.836000000000000000e+03,5.590194702148437500e+02,9.854309692382812500e+02
6.837000000000000000e+03,4.846661071777343750e+02,8.829884643554687500e+02
6.838000000000000000e+03,5.481227416992187500e+02,8.837544555664062500e+02
6.839000000000000000e+03,5.026115722656250000e+02,1.150817138671875000e+03
6.840000000000000000e+03,5.219462280273437500e+02,1.409683837890625000e+03
6.841000000000000000e+03,5.251847534179687500e+02,1.552337524414062500e+03
6.842000000000000000e+03,4.742288208007812500e+02,9.666506958007812500e+02
6.843000000000000000e+03,5.153959960937500000e+02,7.463710937500000000e+02
6.844000000000000000e+03,4.918532409667968750e+02,7.781528930664062500e+02
6.845000000000000000e+03,4.960871276855468750e+02,7.626082763671875000e+02
6.846000000000000000e+03,4.784938659667968750e+02,8.501004638671875000e+02
6.847000000000000000e+03,5.278924560546875000e+02,8.229313354492187500e+02
6.848000000000000000e+03,5.361500244140625000e+02,1.054711791992187500e+03
6.849000000000000000e+03,5.195117797851562500e+02,7.474014892578125000e+02
6.850000000000000000e+03,5.394060668945312500e+02,7.387736816406250000e+02
6.851000000000000000e+03,5.598972167968750000e+02,8.419890747070312500e+02
6.852000000000000000e+03,5.643315429687500000e+02,2.824240722656250000e+03
6.853000000000000000e+03,5.558801269531250000e+02,1.010933654785156250e+03
6.854000000000000000e+03,5.543479003906250000e+02,7.614429931640625000e+02
6.855000000000000000e+03,5.801550292968750000e+02,1.008783447265625000e+03
6.856000000000000000e+03,5.490504760742187500e+02,8.260520019531250000e+02
6.857000000000000000e+03,5.684536132812500000e+02,8.344607543945312500e+02
6.858000000000000000e+03,5.495861816406250000e+02,8.003435058593750000e+02
6.859000000000000000e+03,5.304274291992187500e+02,7.533620605468750000e+02
6.860000000000000000e+03,5.143524780273437500e+02,7.573365478515625000e+02
6.861000000000000000e+03,5.239884033203125000e+02,1.478990112304687500e+03
6.862000000000000000e+03,5.183391113281250000e+02,1.079460815429687500e+03
6.863000000000000000e+03,5.590165405273437500e+02,7.531163330078125000e+02
6.864000000000000000e+03,4.995101318359375000e+02,7.749113769531250000e+02
6.865000000000000000e+03,5.526046752929687500e+02,7.952781982421875000e+02
6.866000000000000000e+03,5.178076171875000000e+02,7.744976806640625000e+02
6.867000000000000000e+03,5.082796020507812500e+02,1.453544799804687500e+03
6.868000000000000000e+03,5.277554931640625000e+02,8.207567749023437500e+02
6.869000000000000000e+03,5.636940917968750000e+02,9.783538208007812500e+02
6.870000000000000000e+03,6.437485351562500000e+02,7.591991577148437500e+02
6.871000000000000000e+03,5.293745117187500000e+02,7.577422485351562500e+02
6.872000000000000000e+03,5.474245605468750000e+02,1.032288085937500000e+03
6.873000000000000000e+03,5.769408569335937500e+02,1.149682495117187500e+03
6.874000000000000000e+03,4.998563232421875000e+02,8.060626831054687500e+02
6.875000000000000000e+03,4.881921081542968750e+02,7.587279663085937500e+02
6.876000000000000000e+03,4.681456909179687500e+02,7.440323486328125000e+02
6.877000000000000000e+03,4.941190185546875000e+02,8.567080688476562500e+02
6.878000000000000000e+03,5.488009643554687500e+02,1.100007934570312500e+03
6.879000000000000000e+03,5.695227661132812500e+02,7.439782714843750000e+02
6.880000000000000000e+03,5.028193969726562500e+02,7.830495605468750000e+02
6.881000000000000000e+03,5.683742065429687500e+02,1.499515502929687500e+03
6.882000000000000000e+03,5.193193359375000000e+02,8.164835205078125000e+02
6.883000000000000000e+03,5.039224853515625000e+02,7.879385375976562500e+02
6.884000000000000000e+03,5.365489501953125000e+02,7.473994750976562500e+02
6.885000000000000000e+03,5.274942016601562500e+02,1.009747741699218750e+03
6.886000000000000000e+03,5.236610717773437500e+02,9.620777587890625000e+02
6.887000000000000000e+03,5.481254882812500000e+02,7.470784912109375000e+02
6.888000000000000000e+03,5.883352050781250000e+02,9.766610107421875000e+02
6.889000000000000000e+03,4.831886901855468750e+02,7.393244018554687500e+02
6.890000000000000000e+03,5.065565490722656250e+02,8.271760253906250000e+02
6.891000000000000000e+03,5.428229370117187500e+02,7.542199707031250000e+02
6.892000000000000000e+03,5.284282836914062500e+02,1.152857910156250000e+03
6.893000000000000000e+03,5.379907836914062500e+02,7.753712768554687500e+02
6.894000000000000000e+03,5.266490478515625000e+02,8.082845458984375000e+02
6.895000000000000000e+03,5.300208129882812500e+02,1.172980957031250000e+03
6.896000000000000000e+03,5.411624755859375000e+02,7.384606933593750000e+02
6.897000000000000000e+03,5.167067260742187500e+02,7.441541748046875000e+02
6.898000000000000000e+03,5.342802734375000000e+02,8.520885620117187500e+02
6.899000000000000000e+03,5.511199340820312500e+02,8.238412475585937500e+02
6.900000000000000000e+03,5.664155273437500000e+02,1.093222534179687500e+03
6.901000000000000000e+03,4.806046752929687500e+02,1.075558105468750000e+03
6.902000000000000000e+03,5.269171142578125000e+02,7.411406860351562500e+02
6.903000000000000000e+03,4.956875000000000000e+02,8.291735229492187500e+02
6.904000000000000000e+03,5.338608398437500000e+02,8.415475463867187500e+02
6.905000000000000000e+03,4.908363952636718750e+02,9.871024169921875000e+02
6.906000000000000000e+03,5.155979003906250000e+02,8.910640869140625000e+02
6.907000000000000000e+03,5.193327026367187500e+02,1.724576782226562500e+03
6.908000000000000000e+03,5.323330688476562500e+02,9.047706298828125000e+02
6.909000000000000000e+03,4.850048217773437500e+02,7.499299316406250000e+02
6.910000000000000000e+03,5.391448974609375000e+02,8.169860839843750000e+02
6.911000000000000000e+03,5.384418334960937500e+02,7.617212524414062500e+02
6.912000000000000000e+03,5.174104003906250000e+02,8.668544921875000000e+02
6.913000000000000000e+03,4.905739135742187500e+02,8.100256958007812500e+02
6.914000000000000000e+03,5.173657836914062500e+02,7.538922729492187500e+02
6.915000000000000000e+03,5.456612548828125000e+02,7.887578125000000000e+02
6.916000000000000000e+03,4.842076416015625000e+02,9.145874023437500000e+02
6.917000000000000000e+03,4.934385375976562500e+02,7.888124389648437500e+02
6.918000000000000000e+03,5.059454956054687500e+02,7.478968505859375000e+02
6.919000000000000000e+03,5.418280639648437500e+02,8.698432006835937500e+02
6.920000000000000000e+03,5.103393859863281250e+02,7.983182983398437500e+02
6.921000000000000000e+03,5.288525390625000000e+02,7.720755004882812500e+02
6.922000000000000000e+03,5.753663330078125000e+02,8.761030273437500000e+02
6.923000000000000000e+03,5.400806884765625000e+02,1.072225463867187500e+03
6.924000000000000000e+03,5.234318237304687500e+02,8.533932495117187500e+02
6.925000000000000000e+03,4.836846618652343750e+02,8.136689453125000000e+02
6.926000000000000000e+03,5.026785278320312500e+02,7.472528076171875000e+02
6.927000000000000000e+03,5.063744812011718750e+02,7.557637939453125000e+02
6.928000000000000000e+03,5.412952880859375000e+02,8.995087890625000000e+02
6.929000000000000000e+03,5.593818969726562500e+02,1.094207763671875000e+03
6.930000000000000000e+03,5.785763549804687500e+02,7.513909912109375000e+02
6.931000000000000000e+03,4.808501586914062500e+02,7.544166870117187500e+02
6.932000000000000000e+03,4.714157714843750000e+02,9.753262329101562500e+02
6.933000000000000000e+03,5.123342895507812500e+02,7.695586547851562500e+02
6.934000000000000000e+03,5.043848876953125000e+02,1.125838500976562500e+03
6.935000000000000000e+03,5.142445068359375000e+02,7.406940917968750000e+02
6.936000000000000000e+03,5.117860717773437500e+02,7.398451538085937500e+02
6.937000000000000000e+03,5.107752380371093750e+02,7.817723999023437500e+02
6.938000000000000000e+03,4.846546936035156250e+02,8.642720336914062500e+02
6.939000000000000000e+03,5.681694946289062500e+02,9.239880981445312500e+02
6.940000000000000000e+03,5.076853027343750000e+02,8.020648193359375000e+02
6.941000000000000000e+03,4.914201660156250000e+02,8.018284912109375000e+02
6.942000000000000000e+03,5.050289916992187500e+02,8.778655395507812500e+02
6.943000000000000000e+03,5.299749755859375000e+02,7.630029296875000000e+02
6.944000000000000000e+03,4.864458312988281250e+02,7.471704101562500000e+02
6.945000000000000000e+03,5.002164916992187500e+02,9.562556152343750000e+02
6.946000000000000000e+03,5.046175231933593750e+02,1.014911254882812500e+03
6.947000000000000000e+03,4.958359375000000000e+02,1.336772583007812500e+03
6.948000000000000000e+03,5.261414794921875000e+02,7.946943359375000000e+02
6.949000000000000000e+03,5.203659667968750000e+02,1.834909179687500000e+03
6.950000000000000000e+03,5.594470214843750000e+02,7.473146972656250000e+02
6.951000000000000000e+03,5.654992675781250000e+02,1.074174316406250000e+03
6.952000000000000000e+03,5.413423461914062500e+02,8.519315185546875000e+02
6.953000000000000000e+03,5.127638549804687500e+02,1.129141967773437500e+03
6.954000000000000000e+03,5.548520507812500000e+02,7.586616210937500000e+02
6.955000000000000000e+03,5.023043823242187500e+02,8.619206542968750000e+02
6.956000000000000000e+03,5.243317871093750000e+02,8.479389648437500000e+02
6.957000000000000000e+03,5.512871093750000000e+02,8.592058105468750000e+02
6.958000000000000000e+03,5.242357788085937500e+02,7.957100830078125000e+02
6.959000000000000000e+03,5.432137451171875000e+02,8.104652099609375000e+02
6.960000000000000000e+03,5.242791137695312500e+02,7.746632080078125000e+02
6.961000000000000000e+03,5.980108642578125000e+02,7.526799316406250000e+02
6.962000000000000000e+03,5.093836975097656250e+02,7.668632812500000000e+02
6.963000000000000000e+03,5.803874511718750000e+02,1.122394409179687500e+03
6.964000000000000000e+03,4.980935363769531250e+02,7.674737548828125000e+02
6.965000000000000000e+03,5.905710449218750000e+02,8.617364501953125000e+02
6.966000000000000000e+03,4.856180419921875000e+02,8.104260253906250000e+02
6.967000000000000000e+03,5.390814208984375000e+02,7.777276000976562500e+02
6.968000000000000000e+03,5.449755859375000000e+02,9.440583496093750000e+02
6.969000000000000000e+03,5.605682373046875000e+02,7.417941894531250000e+02
6.970000000000000000e+03,5.429573364257812500e+02,9.383717041015625000e+02
6.971000000000000000e+03,5.107995910644531250e+02,1.107799438476562500e+03
6.972000000000000000e+03,5.022888488769531250e+02,8.058456420898437500e+02
6.973000000000000000e+03,5.624358520507812500e+02,7.799354248046875000e+02
6.974000000000000000e+03,5.220559692382812500e+02,7.822396850585937500e+02
6.975000000000000000e+03,5.871373291015625000e+02,7.417794189453125000e+02
6.976000000000000000e+03,5.265343627929687500e+02,7.680809936523437500e+02
6.977000000000000000e+03,4.784642028808593750e+02,8.918277587890625000e+02
6.978000000000000000e+03,4.878406677246093750e+02,8.571513061523437500e+02
6.979000000000000000e+03,4.619750671386718750e+02,8.253642578125000000e+02
6.980000000000000000e+03,4.984633178710937500e+02,7.945067749023437500e+02
6.981000000000000000e+03,5.083780212402343750e+02,1.265341186523437500e+03
6.982000000000000000e+03,6.017276611328125000e+02,7.580889892578125000e+02
6.983000000000000000e+03,5.133568115234375000e+02,7.762130126953125000e+02
6.984000000000000000e+03,4.747556457519531250e+02,9.015718994140625000e+02
6.985000000000000000e+03,5.645850219726562500e+02,7.661378173828125000e+02
6.986000000000000000e+03,5.205961303710937500e+02,1.129463745117187500e+03
6.987000000000000000e+03,5.456989746093750000e+02,7.773585205078125000e+02
6.988000000000000000e+03,5.645115966796875000e+02,7.727732543945312500e+02
6.989000000000000000e+03,5.215993652343750000e+02,1.016756958007812500e+03
6.990000000000000000e+03,5.163391113281250000e+02,7.962906494140625000e+02
6.991000000000000000e+03,5.157837524414062500e+02,1.403820434570312500e+03
6.992000000000000000e+03,5.240610351562500000e+02,7.764769287109375000e+02
6.993000000000000000e+03,5.120350952148437500e+02,7.761907958984375000e+02
6.994000000000000000e+03,4.835756225585937500e+02,1.713362792968750000e+03
6.995000000000000000e+03,5.063674926757812500e+02,7.717478027343750000e+02
6.996000000000000000e+03,5.167827148437500000e+02,1.200886596679687500e+03
6.997000000000000000e+03,5.257146606445312500e+02,7.665696411132812500e+02
6.998000000000000000e+03,5.020842895507812500e+02,7.539623413085937500e+02
6.999000000000000000e+03,5.346298828125000000e+02,7.483622436523437500e+02
7.000000000000000000e+03,5.089864196777343750e+02,7.986707763671875000e+02
7.001000000000000000e+03,5.453959960937500000e+02,7.599224853515625000e+02
7.002000000000000000e+03,5.330326538085937500e+02,1.123287597656250000e+03
7.003000000000000000e+03,5.115928649902343750e+02,7.567192993164062500e+02
7.004000000000000000e+03,5.118729858398437500e+02,8.043133544921875000e+02
7.005000000000000000e+03,5.445593872070312500e+02,1.125314697265625000e+03
7.006000000000000000e+03,5.748295288085937500e+02,7.503847045898437500e+02
7.007000000000000000e+03,5.327392578125000000e+02,7.600583496093750000e+02
7.008000000000000000e+03,4.952712097167968750e+02,1.054519897460937500e+03
7.009000000000000000e+03,5.896525268554687500e+02,7.430760498046875000e+02
7.010000000000000000e+03,4.792245788574218750e+02,8.638046875000000000e+02
7.011000000000000000e+03,6.035117187500000000e+02,7.690451660156250000e+02
7.012000000000000000e+03,5.207009887695312500e+02,7.496724243164062500e+02
7.013000000000000000e+03,5.080221862792968750e+02,8.131428222656250000e+02
7.014000000000000000e+03,5.187576904296875000e+02,7.450490722656250000e+02
7.015000000000000000e+03,5.060782470703125000e+02,7.434981689453125000e+02
7.016000000000000000e+03,5.150690307617187500e+02,8.042668457031250000e+02
7.017000000000000000e+03,5.342824096679687500e+02,7.400088500976562500e+02
7.018000000000000000e+03,5.270499877929687500e+02,7.430574951171875000e+02
7.019000000000000000e+03,4.921229858398437500e+02,8.970460815429687500e+02
7.020000000000000000e+03,4.855666809082031250e+02,8.044825439453125000e+02
7.021000000000000000e+03,5.500076904296875000e+02,8.098410644531250000e+02
7.022000000000000000e+03,5.246146240234375000e+02,7.526671142578125000e+02
7.023000000000000000e+03,5.128691406250000000e+02,8.967454223632812500e+02
7.024000000000000000e+03,5.397559814453125000e+02,1.102797241210937500e+03
7.025000000000000000e+03,5.147950439453125000e+02,7.681608276367187500e+02
7.026000000000000000e+03,5.634027709960937500e+02,7.492409057617187500e+02
7.027000000000000000e+03,4.903549499511718750e+02,9.253554687500000000e+02
7.028000000000000000e+03,5.733005371093750000e+02,9.291468505859375000e+02
7.029000000000000000e+03,5.023693542480468750e+02,8.874431152343750000e+02
7.030000000000000000e+03,5.340538330078125000e+02,8.659244995117187500e+02
7.031000000000000000e+03,4.713724670410156250e+02,8.533425292968750000e+02
7.032000000000000000e+03,5.596385498046875000e+02,1.449244384765625000e+03
7.033000000000000000e+03,5.323003540039062500e+02,7.503566894531250000e+02
7.034000000000000000e+03,4.798255615234375000e+02,1.049979614257812500e+03
7.035000000000000000e+03,5.143422241210937500e+02,7.695583496093750000e+02
7.036000000000000000e+03,4.977022094726562500e+02,9.820561523437500000e+02
7.037000000000000000e+03,5.790927124023437500e+02,7.492448730468750000e+02
7.038000000000000000e+03,5.240832519531250000e+02,9.225454101562500000e+02
7.039000000000000000e+03,5.619391479492187500e+02,8.359504394531250000e+02
7.040000000000000000e+03,5.342719726562500000e+02,9.588925170898437500e+02
7.041000000000000000e+03,4.946515197753906250e+02,9.153895874023437500e+02
7.042000000000000000e+03,5.340141601562500000e+02,1.023088745117187500e+03
7.043000000000000000e+03,5.491114501953125000e+02,9.585004272460937500e+02
7.044000000000000000e+03,5.143739624023437500e+02,1.057148315429687500e+03
7.045000000000000000e+03,5.565977783203125000e+02,7.864774169921875000e+02
7.046000000000000000e+03,5.093618774414062500e+02,7.412105712890625000e+02
7.047000000000000000e+03,5.049682922363281250e+02,1.189477050781250000e+03
7.048000000000000000e+03,5.287059326171875000e+02,8.717859497070312500e+02
7.049000000000000000e+03,4.922075195312500000e+02,9.603916625976562500e+02
7.050000000000000000e+03,5.068950500488281250e+02,8.786642456054687500e+02
7.051000000000000000e+03,5.516867065429687500e+02,7.555390014648437500e+02
7.052000000000000000e+03,5.625551147460937500e+02,1.017855712890625000e+03
7.053000000000000000e+03,5.507595214843750000e+02,7.372845458984375000e+02
7.054000000000000000e+03,4.884279785156250000e+02,8.540857543945312500e+02
7.055000000000000000e+03,5.351951293945312500e+02,7.947485351562500000e+02
7.056000000000000000e+03,5.596259155273437500e+02,9.438423461914062500e+02
7.057000000000000000e+03,5.167719116210937500e+02,7.417670288085937500e+02
7.058000000000000000e+03,4.874310302734375000e+02,8.946262817382812500e+02
7.059000000000000000e+03,5.146878051757812500e+02,7.396083984375000000e+02
7.060000000000000000e+03,5.194131469726562500e+02,7.589890747070312500e+02
7.061000000000000000e+03,5.048686828613281250e+02,7.563952026367187500e+02
7.062000000000000000e+03,5.766356201171875000e+02,7.908236694335937500e+02
7.063000000000000000e+03,5.635816040039062500e+02,7.912819213867187500e+02
7.064000000000000000e+03,5.081308898925781250e+02,7.456313476562500000e+02
7.065000000000000000e+03,4.935352172851562500e+02,1.274323120117187500e+03
7.066000000000000000e+03,5.293717041015625000e+02,8.525158081054687500e+02
7.067000000000000000e+03,5.007752990722656250e+02,7.742182006835937500e+02
7.068000000000000000e+03,5.174119262695312500e+02,1.136833618164062500e+03
7.069000000000000000e+03,5.184189453125000000e+02,7.659288330078125000e+02
7.070000000000000000e+03,5.190357055664062500e+02,1.153052490234375000e+03
7.071000000000000000e+03,4.704841003417968750e+02,7.981605834960937500e+02
7.072000000000000000e+03,5.364606323242187500e+02,8.392503662109375000e+02
7.073000000000000000e+03,5.185427246093750000e+02,7.424022827148437500e+02
7.074000000000000000e+03,4.912523193359375000e+02,7.413610229492187500e+02
7.075000000000000000e+03,5.082686157226562500e+02,9.633537597656250000e+02
7.076000000000000000e+03,5.123949584960937500e+02,8.371465454101562500e+02
7.077000000000000000e+03,5.416459960937500000e+02,7.376815185546875000e+02
7.078000000000000000e+03,5.577395629882812500e+02,7.935476684570312500e+02
7.079000000000000000e+03,5.665175781250000000e+02,7.395944213867187500e+02
7.080000000000000000e+03,5.484388427734375000e+02,7.782210083007812500e+02
7.081000000000000000e+03,5.530838623046875000e+02,1.045488159179687500e+03
7.082000000000000000e+03,4.780309143066406250e+02,7.591848144531250000e+02
7.083000000000000000e+03,4.992160339355468750e+02,7.608073730468750000e+02
7.084000000000000000e+03,5.341040649414062500e+02,7.400814208984375000e+02
7.085000000000000000e+03,4.932108764648437500e+02,7.781447753906250000e+02
7.086000000000000000e+03,4.965470886230468750e+02,7.468760375976562500e+02
7.087000000000000000e+03,5.123840942382812500e+02,8.299982910156250000e+02
7.088000000000000000e+03,5.496601562500000000e+02,7.408441162109375000e+02
7.089000000000000000e+03,5.060012512207031250e+02,7.753217163085937500e+02
7.090000000000000000e+03,4.826219177246093750e+02,9.102304687500000000e+02
7.091000000000000000e+03,4.885578918457031250e+02,7.614066772460937500e+02
7.092000000000000000e+03,5.510958862304687500e+02,8.319425048828125000e+02
7.093000000000000000e+03,5.743463134765625000e+02,8.497261352539062500e+02
7.094000000000000000e+03,5.519400024414062500e+02,7.775844726562500000e+02
7.095000000000000000e+03,5.411837158203125000e+02,7.706899414062500000e+02
7.096000000000000000e+03,5.095937500000000000e+02,1.105886840820312500e+03
7.097000000000000000e+03,4.895464172363281250e+02,7.382323608398437500e+02
7.098000000000000000e+03,5.136753540039062500e+02,7.433668212890625000e+02
7.099000000000000000e+03,5.179450683593750000e+02,1.122603759765625000e+03
7.100000000000000000e+03,4.740227966308593750e+02,7.365284423828125000e+02
7.101000000000000000e+03,4.843877868652343750e+02,7.369232788085937500e+02
7.102000000000000000e+03,4.922839050292968750e+02,7.721367797851562500e+02
7.103000000000000000e+03,5.659503173828125000e+02,7.549628295898437500e+02
7.104000000000000000e+03,4.931477355957031250e+02,1.118917114257812500e+03
7.105000000000000000e+03,4.797031250000000000e+02,8.190534667968750000e+02
7.106000000000000000e+03,4.777381591796875000e+02,7.685442504882812500e+02
7.107000000000000000e+03,5.542250976562500000e+02,8.313482055664062500e+02
7.108000000000000000e+03,5.516159057617187500e+02,7.389780273437500000e+02
7.109000000000000000e+03,5.127956542968750000e+02,1.296943725585937500e+03
7.110000000000000000e+03,5.096825256347656250e+02,9.701377563476562500e+02
7.111000000000000000e+03,5.667258300781250000e+02,1.147352172851562500e+03
7.112000000000000000e+03,4.854809265136718750e+02,8.548422851562500000e+02
7.113000000000000000e+03,5.090784912109375000e+02,7.374632568359375000e+02
7.114000000000000000e+03,5.375924682617187500e+02,7.407884521484375000e+02
7.115000000000000000e+03,4.905571289062500000e+02,7.761973266601562500e+02
7.116000000000000000e+03,4.918678894042968750e+02,1.570454833984375000e+03
7.117000000000000000e+03,4.807494506835937500e+02,7.375923461914062500e+02
7.118000000000000000e+03,4.728592224121093750e+02,1.286808471679687500e+03
7.119000000000000000e+03,5.015437011718750000e+02,9.914354858398437500e+02
7.120000000000000000e+03,5.275878906250000000e+02,8.967229003906250000e+02
7.121000000000000000e+03,4.528637390136718750e+02,7.348202514648437500e+02
7.122000000000000000e+03,5.157742919921875000e+02,1.585264038085937500e+03
7.123000000000000000e+03,4.641986694335937500e+02,1.056558227539062500e+03
7.124000000000000000e+03,5.087701721191406250e+02,7.490810546875000000e+02
7.125000000000000000e+03,5.865460815429687500e+02,7.413725585937500000e+02
7.126000000000000000e+03,5.524459838867187500e+02,7.479903564453125000e+02
7.127000000000000000e+03,5.501172485351562500e+02,1.105690307617187500e+03
7.128000000000000000e+03,5.381842041015625000e+02,8.170999145507812500e+02
7.129000000000000000e+03,5.318043212890625000e+02,1.130673828125000000e+03
7.130000000000000000e+03,4.850837097167968750e+02,1.402897583007812500e+03
7.131000000000000000e+03,5.613760986328125000e+02,7.378587646484375000e+02
7.132000000000000000e+03,5.240916137695312500e+02,1.008179016113281250e+03
7.133000000000000000e+03,5.410333251953125000e+02,7.666151733398437500e+02
7.134000000000000000e+03,5.021772460937500000e+02,1.126877807617187500e+03
7.135000000000000000e+03,5.226881103515625000e+02,7.459699707031250000e+02
7.136000000000000000e+03,5.057850952148437500e+02,9.369060058593750000e+02
7.137000000000000000e+03,5.360510253906250000e+02,7.586404418945312500e+02
7.138000000000000000e+03,4.737615356445312500e+02,8.923966064453125000e+02
7.139000000000000000e+03,5.511021728515625000e+02,8.018714599609375000e+02
7.140000000000000000e+03,5.463543701171875000e+02,8.313970336914062500e+02
7.141000000000000000e+03,5.718500976562500000e+02,8.533692626953125000e+02
7.142000000000000000e+03,5.153760986328125000e+02,8.167090454101562500e+02
7.143000000000000000e+03,5.333118286132812500e+02,1.037298217773437500e+03
7.144000000000000000e+03,5.089914855957031250e+02,7.779785766601562500e+02
7.145000000000000000e+03,4.761195983886718750e+02,7.640477294921875000e+02
7.146000000000000000e+03,4.842188110351562500e+02,7.410120849609375000e+02
7.147000000000000000e+03,5.579072875976562500e+02,7.463895263671875000e+02
7.148000000000000000e+03,5.490153808593750000e+02,7.525217285156250000e+02
7.149000000000000000e+03,5.157409667968750000e+02,1.947635742187500000e+03
7.150000000000000000e+03,5.563045654296875000e+02,1.827220703125000000e+03
7.151000000000000000e+03,5.296388549804687500e+02,7.552628173828125000e+02
7.152000000000000000e+03,5.345824584960937500e+02,1.269790039062500000e+03
7.153000000000000000e+03,5.436421508789062500e+02,8.632045288085937500e+02
7.154000000000000000e+03,5.208214721679687500e+02,7.728367309570312500e+02
7.155000000000000000e+03,5.438614501953125000e+02,8.189338378906250000e+02
7.156000000000000000e+03,5.809843139648437500e+02,8.177979125976562500e+02
7.157000000000000000e+03,4.655293579101562500e+02,1.009229614257812500e+03
7.158000000000000000e+03,5.349061279296875000e+02,7.536011962890625000e+02
7.159000000000000000e+03,5.311071166992187500e+02,7.434108276367187500e+02
7.160000000000000000e+03,5.454218750000000000e+02,7.745946044921875000e+02
7.161000000000000000e+03,5.299469604492187500e+02,1.080006958007812500e+03
7.162000000000000000e+03,5.354129638671875000e+02,1.122128173828125000e+03
7.163000000000000000e+03,5.361384887695312500e+02,8.427413330078125000e+02
7.164000000000000000e+03,5.353703613281250000e+02,7.453320312500000000e+02
7.165000000000000000e+03,5.556539306640625000e+02,8.359909057617187500e+02
7.166000000000000000e+03,5.141263427734375000e+02,1.179072875976562500e+03
7.167000000000000000e+03,5.454757690429687500e+02,8.275770263671875000e+02
7.168000000000000000e+03,5.120160522460937500e+02,8.994058837890625000e+02
7.169000000000000000e+03,5.189287109375000000e+02,1.185103759765625000e+03
7.170000000000000000e+03,5.015764770507812500e+02,7.505147705078125000e+02
7.171000000000000000e+03,5.272461547851562500e+02,7.396015014648437500e+02
7.172000000000000000e+03,5.159232788085937500e+02,8.682792358398437500e+02
7.173000000000000000e+03,5.533275756835937500e+02,2.197605224609375000e+03
7.174000000000000000e+03,5.998327636718750000e+02,7.439563598632812500e+02
7.175000000000000000e+03,4.959237060546875000e+02,7.472855834960937500e+02
7.176000000000000000e+03,5.512531127929687500e+02,7.548675537109375000e+02
7.177000000000000000e+03,5.427728881835937500e+02,9.087693481445312500e+02
7.178000000000000000e+03,5.770686035156250000e+02,9.380098266601562500e+02
7.179000000000000000e+03,5.644024047851562500e+02,7.531052856445312500e+02
7.180000000000000000e+03,4.940298461914062500e+02,8.505526123046875000e+02
7.181000000000000000e+03,5.102253723144531250e+02,8.867539672851562500e+02
7.182000000000000000e+03,5.440599975585937500e+02,7.450830688476562500e+02
7.183000000000000000e+03,4.756716003417968750e+02,7.996320190429687500e+02
7.184000000000000000e+03,5.346891479492187500e+02,1.464166015625000000e+03
7.185000000000000000e+03,4.612941894531250000e+02,7.439794311523437500e+02
7.186000000000000000e+03,4.819130249023437500e+02,9.076264038085937500e+02
7.187000000000000000e+03,4.786256713867187500e+02,7.438381347656250000e+02
7.188000000000000000e+03,5.210308227539062500e+02,8.305172119140625000e+02
7.189000000000000000e+03,4.739796752929687500e+02,7.989537963867187500e+02
7.190000000000000000e+03,5.802004394531250000e+02,9.097454833984375000e+02
7.191000000000000000e+03,5.059038391113281250e+02,1.046181152343750000e+03
7.192000000000000000e+03,5.190838623046875000e+02,7.485789794921875000e+02
7.193000000000000000e+03,5.279099731445312500e+02,7.501268920898437500e+02
7.194000000000000000e+03,5.327947998046875000e+02,8.387938232421875000e+02
7.195000000000000000e+03,5.336914672851562500e+02,7.421067504882812500e+02
7.196000000000000000e+03,5.530398559570312500e+02,9.300751953125000000e+02
7.197000000000000000e+03,4.938255615234375000e+02,1.132706542968750000e+03
7.198000000000000000e+03,5.348679199218750000e+02,8.042401733398437500e+02
7.199000000000000000e+03,5.108771972656250000e+02,1.152595092773437500e+03
7.200000000000000000e+03,5.281978759765625000e+02,8.168997192382812500e+02
7.201000000000000000e+03,5.192319335937500000e+02,8.896802368164062500e+02
7.202000000000000000e+03,4.978331604003906250e+02,7.513759765625000000e+02
7.203000000000000000e+03,5.089352722167968750e+02,9.792838745117187500e+02
7.204000000000000000e+03,5.585120849609375000e+02,1.228907836914062500e+03
7.205000000000000000e+03,5.145847778320312500e+02,7.413348999023437500e+02
7.206000000000000000e+03,4.988079833984375000e+02,8.611234130859375000e+02
7.207000000000000000e+03,5.358907470703125000e+02,9.665162963867187500e+02
7.208000000000000000e+03,5.627420654296875000e+02,8.132630004882812500e+02
7.209000000000000000e+03,5.115499267578125000e+02,1.191424926757812500e+03
7.210000000000000000e+03,5.577577514648437500e+02,9.124841918945312500e+02
7.211000000000000000e+03,4.944556274414062500e+02,7.578569335937500000e+02
7.212000000000000000e+03,5.138887939453125000e+02,9.910707397460937500e+02
7.213000000000000000e+03,4.973092346191406250e+02,9.272717285156250000e+02
7.214000000000000000e+03,5.457149047851562500e+02,7.649422607421875000e+02
7.215000000000000000e+03,4.795281982421875000e+02,8.423196411132812500e+02
7.216000000000000000e+03,5.309934692382812500e+02,7.437989501953125000e+02
7.217000000000000000e+03,4.858762207031250000e+02,8.822026977539062500e+02
7.218000000000000000e+03,5.302622680664062500e+02,8.256694335937500000e+02
7.219000000000000000e+03,5.458767089843750000e+02,1.680824951171875000e+03
7.220000000000000000e+03,4.865844726562500000e+02,1.079809326171875000e+03
7.221000000000000000e+03,4.975273437500000000e+02,7.523220214843750000e+02
7.222000000000000000e+03,5.103380126953125000e+02,7.739930419921875000e+02
7.223000000000000000e+03,5.476834716796875000e+02,7.457514648437500000e+02
7.224000000000000000e+03,5.512001342773437500e+02,8.611928710937500000e+02
7.225000000000000000e+03,4.917890625000000000e+02,8.133969726562500000e+02
7.226000000000000000e+03,4.444616088867187500e+02,8.891136474609375000e+02
7.227000000000000000e+03,5.523712158203125000e+02,7.824849243164062500e+02
7.228000000000000000e+03,5.415897216796875000e+02,8.224302978515625000e+02
7.229000000000000000e+03,4.841539001464843750e+02,7.976671752929687500e+02
7.230000000000000000e+03,5.296074829101562500e+02,7.668344726562500000e+02
7.231000000000000000e+03,5.265325927734375000e+02,7.377580566406250000e+02
7.232000000000000000e+03,5.020621337890625000e+02,8.384434204101562500e+02
7.233000000000000000e+03,4.706151733398437500e+02,8.612773437500000000e+02
7.234000000000000000e+03,4.934181823730468750e+02,7.495223388671875000e+02
7.235000000000000000e+03,5.149810180664062500e+02,7.901363525390625000e+02
7.236000000000000000e+03,5.239086303710937500e+02,7.873662109375000000e+02
7.237000000000000000e+03,5.510645751953125000e+02,8.047870483398437500e+02
7.238000000000000000e+03,5.388934936523437500e+02,7.398441162109375000e+02
7.239000000000000000e+03,5.047774963378906250e+02,7.434920043945312500e+02
7.240000000000000000e+03,5.585980834960937500e+02,8.835517578125000000e+02
7.241000000000000000e+03,4.999049377441406250e+02,7.899860839843750000e+02
7.242000000000000000e+03,5.005374145507812500e+02,1.163570312500000000e+03
7.243000000000000000e+03,5.295726928710937500e+02,7.630323486328125000e+02
7.244000000000000000e+03,4.953112487792968750e+02,1.354195434570312500e+03
7.245000000000000000e+03,5.351889038085937500e+02,7.528634643554687500e+02
7.246000000000000000e+03,5.005925292968750000e+02,7.619369506835937500e+02
7.247000000000000000e+03,5.459288330078125000e+02,7.735139770507812500e+02
7.248000000000000000e+03,5.298589477539062500e+02,7.651859130859375000e+02
7.249000000000000000e+03,5.490377197265625000e+02,1.380576171875000000e+03
7.250000000000000000e+03,5.397559814453125000e+02,1.260151855468750000e+03
7.251000000000000000e+03,5.132059326171875000e+02,9.817322998046875000e+02
7.252000000000000000e+03,5.108648376464843750e+02,8.172734985351562500e+02
7.253000000000000000e+03,5.398905029296875000e+02,7.675820922851562500e+02
7.254000000000000000e+03,5.466032104492187500e+02,8.375168457031250000e+02
7.255000000000000000e+03,5.360632324218750000e+02,8.087369995117187500e+02
7.256000000000000000e+03,5.111581420898437500e+02,7.458163452148437500e+02
7.257000000000000000e+03,5.117765502929687500e+02,9.085328979492187500e+02
7.258000000000000000e+03,5.088216552734375000e+02,7.370567626953125000e+02
7.259000000000000000e+03,5.509458007812500000e+02,7.659365234375000000e+02
7.260000000000000000e+03,4.813745117187500000e+02,7.796007690429687500e+02
7.261000000000000000e+03,5.480853271484375000e+02,7.465816650390625000e+02
7.262000000000000000e+03,4.988667907714843750e+02,1.029511962890625000e+03
7.263000000000000000e+03,5.445363159179687500e+02,8.495221557617187500e+02
7.264000000000000000e+03,5.395593261718750000e+02,7.427532348632812500e+02
7.265000000000000000e+03,5.184230957031250000e+02,9.385838623046875000e+02
7.266000000000000000e+03,5.378460083007812500e+02,7.893562622070312500e+02
7.267000000000000000e+03,4.943076171875000000e+02,7.576895141601562500e+02
7.268000000000000000e+03,5.177844238281250000e+02,7.862825317382812500e+02
7.269000000000000000e+03,4.987171630859375000e+02,8.420887451171875000e+02
7.270000000000000000e+03,5.611970825195312500e+02,8.604292602539062500e+02
7.271000000000000000e+03,5.319985961914062500e+02,1.318654907226562500e+03
7.272000000000000000e+03,5.130822753906250000e+02,1.249192749023437500e+03
7.273000000000000000e+03,5.485863647460937500e+02,8.049844360351562500e+02
7.274000000000000000e+03,5.519304199218750000e+02,1.924740112304687500e+03
7.275000000000000000e+03,5.123079833984375000e+02,1.861228271484375000e+03
7.276000000000000000e+03,5.659168701171875000e+02,7.417037353515625000e+02
7.277000000000000000e+03,4.979432373046875000e+02,7.472763061523437500e+02
7.278000000000000000e+03,5.538909912109375000e+02,7.397841186523437500e+02
7.279000000000000000e+03,5.167012329101562500e+02,7.537512207031250000e+02
7.280000000000000000e+03,5.541453247070312500e+02,8.015456542968750000e+02
7.281000000000000000e+03,4.905736083984375000e+02,7.544726562500000000e+02
7.282000000000000000e+03,5.277015991210937500e+02,7.343935546875000000e+02
7.283000000000000000e+03,5.153664550781250000e+02,7.405678100585937500e+02
7.284000000000000000e+03,5.180221557617187500e+02,1.073851074218750000e+03
7.285000000000000000e+03,4.913417053222656250e+02,7.494078979492187500e+02
7.286000000000000000e+03,4.984120788574218750e+02,1.185045166015625000e+03
7.287000000000000000e+03,5.348475341796875000e+02,1.021650695800781250e+03
7.288000000000000000e+03,4.996502990722656250e+02,7.522152709960937500e+02
7.289000000000000000e+03,5.354020385742187500e+02,7.689730224609375000e+02
7.290000000000000000e+03,5.449497070312500000e+02,9.512222900390625000e+02
7.291000000000000000e+03,4.797169189453125000e+02,9.329401245117187500e+02
7.292000000000000000e+03,5.170201416015625000e+02,8.126204223632812500e+02
7.293000000000000000e+03,4.869295654296875000e+02,1.108259521484375000e+03
7.294000000000000000e+03,5.480970458984375000e+02,8.732502441406250000e+02
7.295000000000000000e+03,5.221432495117187500e+02,7.406517944335937500e+02
7.296000000000000000e+03,4.866563720703125000e+02,7.888041381835937500e+02
7.297000000000000000e+03,5.041640014648437500e+02,9.742255249023437500e+02
7.298000000000000000e+03,4.709273071289062500e+02,8.656928710937500000e+02
7.299000000000000000e+03,4.828129882812500000e+02,1.123223632812500000e+03
7.300000000000000000e+03,4.900181579589843750e+02,7.622876586914062500e+02
7.301000000000000000e+03,5.198854980468750000e+02,7.505656127929687500e+02
7.302000000000000000e+03,5.524369506835937500e+02,8.994976806640625000e+02
7.303000000000000000e+03,5.547182006835937500e+02,7.974752807617187500e+02
7.304000000000000000e+03,5.434780273437500000e+02,7.883107910156250000e+02
7.305000000000000000e+03,4.957552185058593750e+02,7.381469726562500000e+02
7.306000000000000000e+03,5.182535400390625000e+02,8.288614501953125000e+02
7.307000000000000000e+03,4.766742248535156250e+02,1.034231323242187500e+03
7.308000000000000000e+03,5.105110473632812500e+02,7.344692993164062500e+02
7.309000000000000000e+03,5.231748657226562500e+02,7.387580566406250000e+02
7.310000000000000000e+03,5.322332763671875000e+02,1.042374877929687500e+03
7.311000000000000000e+03,5.420126953125000000e+02,9.205923461914062500e+02
7.312000000000000000e+03,5.443898315429687500e+02,9.586967163085937500e+02
7.313000000000000000e+03,4.849672241210937500e+02,1.025222290039062500e+03
7.314000000000000000e+03,5.538370971679687500e+02,8.875220336914062500e+02
7.315000000000000000e+03,5.506068115234375000e+02,7.397980957031250000e+02
7.316000000000000000e+03,5.516049194335937500e+02,1.003523193359375000e+03
7.317000000000000000e+03,5.460813598632812500e+02,7.605409545898437500e+02
7.318000000000000000e+03,5.184811401367187500e+02,1.107609497070312500e+03
7.319000000000000000e+03,4.655076293945312500e+02,8.144755859375000000e+02
7.320000000000000000e+03,5.740023193359375000e+02,7.440136108398437500e+02
7.321000000000000000e+03,4.838871765136718750e+02,1.536856933593750000e+03
7.322000000000000000e+03,5.550526123046875000e+02,8.140121459960937500e+02
7.323000000000000000e+03,5.026467285156250000e+02,7.464245605468750000e+02
7.324000000000000000e+03,5.479508056640625000e+02,7.663878173828125000e+02
7.325000000000000000e+03,4.911596069335937500e+02,7.747453002929687500e+02
7.326000000000000000e+03,5.477521362304687500e+02,8.537030639648437500e+02
7.327000000000000000e+03,5.141691894531250000e+02,7.510607910156250000e+02
7.328000000000000000e+03,5.363995971679687500e+02,7.422389526367187500e+02
7.329000000000000000e+03,5.163180541992187500e+02,7.497162475585937500e+02
7.330000000000000000e+03,5.106271972656250000e+02,7.371745605468750000e+02
7.331000000000000000e+03,5.695314941406250000e+02,7.475719604492187500e+02
7.332000000000000000e+03,4.595480346679687500e+02,7.351656494140625000e+02
7.333000000000000000e+03,5.699953613281250000e+02,8.219496459960937500e+02
7.334000000000000000e+03,5.025140686035156250e+02,7.906934204101562500e+02
7.335000000000000000e+03,4.954098510742187500e+02,7.441477661132812500e+02
7.336000000000000000e+03,5.217604980468750000e+02,7.602203369140625000e+02
7.337000000000000000e+03,4.955802917480468750e+02,7.474952392578125000e+02
7.338000000000000000e+03,5.081932067871093750e+02,7.817398681640625000e+02
7.339000000000000000e+03,5.435385131835937500e+02,9.949039916992187500e+02
7.340000000000000000e+03,5.195156860351562500e+02,9.837148437500000000e+02
7.341000000000000000e+03,4.983072814941406250e+02,7.539445190429687500e+02
7.342000000000000000e+03,5.547977294921875000e+02,7.353367919921875000e+02
7.343000000000000000e+03,5.573341064453125000e+02,7.384805297851562500e+02
7.344000000000000000e+03,5.101178588867187500e+02,7.464370727539062500e+02
7.345000000000000000e+03,5.160527343750000000e+02,7.744333496093750000e+02
7.346000000000000000e+03,5.013015136718750000e+02,7.611554565429687500e+02
7.347000000000000000e+03,5.261278686523437500e+02,8.519475097656250000e+02
7.348000000000000000e+03,5.125036621093750000e+02,9.356772460937500000e+02
7.349000000000000000e+03,5.391955566406250000e+02,1.034494506835937500e+03
7.350000000000000000e+03,5.031061706542968750e+02,1.216702880859375000e+03
7.351000000000000000e+03,5.778132934570312500e+02,7.413209838867187500e+02
7.352000000000000000e+03,5.206593627929687500e+02,7.436622314453125000e+02
7.353000000000000000e+03,4.907702026367187500e+02,8.124461669921875000e+02
7.354000000000000000e+03,5.203461914062500000e+02,8.219237060546875000e+02
7.355000000000000000e+03,5.094895019531250000e+02,7.332862548828125000e+02
7.356000000000000000e+03,5.482833251953125000e+02,8.504827880859375000e+02
7.357000000000000000e+03,5.181224365234375000e+02,7.704973144531250000e+02
7.358000000000000000e+03,5.165119018554687500e+02,8.349582519531250000e+02
7.359000000000000000e+03,5.179929199218750000e+02,7.493291015625000000e+02
7.360000000000000000e+03,4.720261840820312500e+02,7.581217041015625000e+02
7.361000000000000000e+03,4.910606689453125000e+02,8.475386962890625000e+02
7.362000000000000000e+03,5.197805175781250000e+02,9.714262084960937500e+02
7.363000000000000000e+03,5.046470642089843750e+02,8.892481079101562500e+02
7.364000000000000000e+03,4.977133483886718750e+02,1.253725463867187500e+03
7.365000000000000000e+03,5.129658813476562500e+02,7.371759643554687500e+02
7.366000000000000000e+03,5.193901977539062500e+02,7.391716308593750000e+02
7.367000000000000000e+03,5.202421875000000000e+02,8.548620605468750000e+02
7.368000000000000000e+03,5.046470336914062500e+02,7.813560791015625000e+02
7.369000000000000000e+03,5.332470092773437500e+02,7.671954956054687500e+02
7.370000000000000000e+03,5.272998657226562500e+02,7.560343017578125000e+02
7.371000000000000000e+03,5.066596679687500000e+02,7.732278442382812500e+02
7.372000000000000000e+03,5.053493041992187500e+02,1.265093261718750000e+03
7.373000000000000000e+03,4.960594177246093750e+02,7.390008544921875000e+02
7.374000000000000000e+03,5.032598571777343750e+02,8.421249389648437500e+02
7.375000000000000000e+03,5.480313720703125000e+02,8.391149291992187500e+02
7.376000000000000000e+03,5.171508789062500000e+02,7.972205810546875000e+02
7.377000000000000000e+03,5.445830688476562500e+02,1.032534057617187500e+03
7.378000000000000000e+03,4.976007385253906250e+02,7.383295898437500000e+02
7.379000000000000000e+03,5.123573608398437500e+02,8.530415649414062500e+02
7.380000000000000000e+03,4.770932617187500000e+02,8.039640502929687500e+02
7.381000000000000000e+03,5.032547607421875000e+02,7.341718139648437500e+02
7.382000000000000000e+03,5.381916503906250000e+02,8.540667724609375000e+02
7.383000000000000000e+03,5.214462890625000000e+02,9.748379516601562500e+02
7.384000000000000000e+03,5.800153808593750000e+02,7.666011352539062500e+02
7.385000000000000000e+03,5.174077148437500000e+02,1.044669677734375000e+03
7.386000000000000000e+03,5.198839111328125000e+02,7.536031494140625000e+02
7.387000000000000000e+03,5.229983520507812500e+02,8.019120483398437500e+02
7.388000000000000000e+03,5.323980712890625000e+02,7.420905151367187500e+02
7.389000000000000000e+03,5.115542907714843750e+02,7.566274414062500000e+02
7.390000000000000000e+03,5.157566528320312500e+02,7.674415893554687500e+02
7.391000000000000000e+03,5.141315307617187500e+02,1.058419189453125000e+03
7.392000000000000000e+03,5.005776062011718750e+02,1.100351562500000000e+03
7.393000000000000000e+03,4.885091552734375000e+02,1.409440063476562500e+03
7.394000000000000000e+03,5.489270019531250000e+02,7.440945434570312500e+02
7.395000000000000000e+03,4.979320068359375000e+02,9.395021972656250000e+02
7.396000000000000000e+03,4.877073059082031250e+02,9.484535522460937500e+02
7.397000000000000000e+03,5.235889282226562500e+02,7.980628662109375000e+02
7.398000000000000000e+03,5.224666748046875000e+02,7.518627319335937500e+02
7.399000000000000000e+03,5.202594604492187500e+02,7.985279541015625000e+02
7.400000000000000000e+03,5.768568725585937500e+02,7.701630249023437500e+02
7.401000000000000000e+03,4.975450744628906250e+02,2.150737060546875000e+03
7.402000000000000000e+03,5.004106140136718750e+02,7.934688110351562500e+02
7.403000000000000000e+03,5.140955810546875000e+02,7.885925292968750000e+02
7.404000000000000000e+03,4.963903198242187500e+02,1.030546020507812500e+03
7.405000000000000000e+03,5.296934814453125000e+02,7.398626098632812500e+02
7.406000000000000000e+03,5.256204833984375000e+02,7.860935058593750000e+02
7.407000000000000000e+03,5.379717407226562500e+02,1.313911865234375000e+03
7.408000000000000000e+03,5.223413085937500000e+02,8.700887451171875000e+02
7.409000000000000000e+03,5.210880737304687500e+02,8.994243164062500000e+02
7.410000000000000000e+03,5.452196044921875000e+02,7.425397338867187500e+02
7.411000000000000000e+03,5.197672729492187500e+02,1.217806884765625000e+03
7.412000000000000000e+03,4.888201904296875000e+02,1.187980590820312500e+03
7.413000000000000000e+03,4.451073608398437500e+02,1.090275024414062500e+03
7.414000000000000000e+03,5.579387817382812500e+02,7.567396850585937500e+02
7.415000000000000000e+03,5.134265747070312500e+02,7.733209228515625000e+02
7.416000000000000000e+03,5.287478637695312500e+02,7.411322021484375000e+02
7.417000000000000000e+03,5.125050048828125000e+02,8.195697631835937500e+02
7.418000000000000000e+03,4.893248596191406250e+02,7.800073852539062500e+02
7.419000000000000000e+03,4.935745544433593750e+02,7.598933105468750000e+02
7.420000000000000000e+03,5.038572082519531250e+02,8.526342163085937500e+02
7.421000000000000000e+03,5.275256958007812500e+02,1.031070800781250000e+03
7.422000000000000000e+03,5.293397827148437500e+02,1.385711669921875000e+03
7.423000000000000000e+03,5.013998107910156250e+02,9.034461669921875000e+02
7.424000000000000000e+03,5.053938293457031250e+02,1.728618408203125000e+03
7.425000000000000000e+03,4.662268676757812500e+02,8.673034057617187500e+02
7.426000000000000000e+03,5.208419799804687500e+02,7.406721191406250000e+02
7.427000000000000000e+03,5.090278320312500000e+02,8.615117797851562500e+02
7.428000000000000000e+03,5.003904113769531250e+02,8.666180419921875000e+02
7.429000000000000000e+03,4.996569519042968750e+02,8.113073120117187500e+02
7.430000000000000000e+03,5.143110961914062500e+02,7.421229858398437500e+02
7.431000000000000000e+03,6.000737915039062500e+02,8.837804565429687500e+02
7.432000000000000000e+03,5.426231689453125000e+02,7.428010253906250000e+02
7.433000000000000000e+03,5.253659667968750000e+02,7.741729125976562500e+02
7.434000000000000000e+03,5.553419799804687500e+02,7.407378540039062500e+02
7.435000000000000000e+03,5.445322875976562500e+02,7.775704956054687500e+02
7.436000000000000000e+03,5.129254760742187500e+02,7.377503662109375000e+02
7.437000000000000000e+03,4.955896911621093750e+02,7.349744873046875000e+02
7.438000000000000000e+03,5.564703979492187500e+02,1.530818969726562500e+03
7.439000000000000000e+03,4.998660583496093750e+02,7.512757568359375000e+02
7.440000000000000000e+03,5.315950927734375000e+02,9.452828979492187500e+02
7.441000000000000000e+03,5.037908935546875000e+02,7.458291015625000000e+02
7.442000000000000000e+03,4.943097534179687500e+02,9.724451293945312500e+02
7.443000000000000000e+03,4.811417541503906250e+02,7.584675292968750000e+02
7.444000000000000000e+03,4.489429626464843750e+02,8.703669433593750000e+02
7.445000000000000000e+03,5.237522583007812500e+02,7.339973144531250000e+02
7.446000000000000000e+03,5.365806274414062500e+02,1.131087402343750000e+03
7.447000000000000000e+03,4.980379333496093750e+02,8.188067626953125000e+02
7.448000000000000000e+03,5.023972778320312500e+02,7.507726440429687500e+02
7.449000000000000000e+03,6.115240478515625000e+02,7.410263061523437500e+02
7.450000000000000000e+03,5.220482788085937500e+02,8.255111083984375000e+02
7.451000000000000000e+03,5.220743408203125000e+02,2.540801269531250000e+03
7.452000000000000000e+03,5.561231079101562500e+02,7.970074462890625000e+02
7.453000000000000000e+03,5.045921020507812500e+02,8.142035522460937500e+02
7.454000000000000000e+03,5.705349121093750000e+02,7.642958374023437500e+02
7.455000000000000000e+03,5.375423583984375000e+02,8.363947753906250000e+02
7.456000000000000000e+03,4.695198059082031250e+02,8.776190795898437500e+02
7.457000000000000000e+03,4.662378845214843750e+02,7.567828369140625000e+02
7.458000000000000000e+03,5.202325439453125000e+02,1.183566528320312500e+03
7.459000000000000000e+03,4.931422729492187500e+02,1.142376464843750000e+03
7.460000000000000000e+03,5.171795654296875000e+02,7.582508544921875000e+02
7.461000000000000000e+03,4.758505554199218750e+02,7.656530151367187500e+02
7.462000000000000000e+03,5.281954345703125000e+02,1.503007080078125000e+03
7.463000000000000000e+03,4.627126770019531250e+02,1.104569213867187500e+03
7.464000000000000000e+03,4.944490966796875000e+02,9.256852416992187500e+02
7.465000000000000000e+03,5.885867309570312500e+02,8.513681640625000000e+02
7.466000000000000000e+03,4.606275329589843750e+02,1.041027832031250000e+03
7.467000000000000000e+03,5.269968872070312500e+02,1.009728210449218750e+03
7.468000000000000000e+03,5.387723388671875000e+02,9.431143188476562500e+02
7.469000000000000000e+03,5.280768432617187500e+02,1.047544189453125000e+03
7.470000000000000000e+03,5.663378906250000000e+02,8.249967651367187500e+02
7.471000000000000000e+03,5.637907104492187500e+02,7.454509277343750000e+02
7.472000000000000000e+03,5.230324096679687500e+02,8.273225097656250000e+02
7.473000000000000000e+03,5.502720336914062500e+02,1.015528137207031250e+03
7.474000000000000000e+03,5.154521484375000000e+02,9.744482421875000000e+02
7.475000000000000000e+03,4.749306030273437500e+02,7.639702148437500000e+02
7.476000000000000000e+03,5.226096801757812500e+02,8.525040893554687500e+02
7.477000000000000000e+03,5.232670898437500000e+02,2.393408447265625000e+03
7.478000000000000000e+03,5.440135498046875000e+02,8.245374145507812500e+02
7.479000000000000000e+03,5.209361572265625000e+02,1.149828613281250000e+03
7.480000000000000000e+03,5.026417541503906250e+02,1.329440795898437500e+03
7.481000000000000000e+03,5.001074829101562500e+02,1.062801269531250000e+03
7.482000000000000000e+03,4.488524780273437500e+02,7.988587646484375000e+02
7.483000000000000000e+03,5.364445800781250000e+02,7.405090942382812500e+02
7.484000000000000000e+03,5.257469482421875000e+02,7.366955566406250000e+02
7.485000000000000000e+03,5.459370727539062500e+02,7.543262329101562500e+02
7.486000000000000000e+03,5.427651977539062500e+02,7.467087402343750000e+02
7.487000000000000000e+03,5.484625854492187500e+02,7.341065063476562500e+02
7.488000000000000000e+03,5.446602783203125000e+02,8.499421997070312500e+02
7.489000000000000000e+03,5.815661010742187500e+02,1.131553955078125000e+03
7.490000000000000000e+03,5.469981689453125000e+02,1.058934082031250000e+03
7.491000000000000000e+03,5.752640380859375000e+02,1.020831420898437500e+03
7.492000000000000000e+03,5.267307739257812500e+02,8.157915039062500000e+02
7.493000000000000000e+03,5.324064941406250000e+02,1.035070312500000000e+03
7.494000000000000000e+03,4.985529479980468750e+02,7.966854248046875000e+02
7.495000000000000000e+03,4.799443359375000000e+02,7.743373413085937500e+02
7.496000000000000000e+03,4.906358032226562500e+02,7.547898559570312500e+02
7.497000000000000000e+03,5.342660522460937500e+02,8.193376464843750000e+02
7.498000000000000000e+03,5.287800903320312500e+02,8.256268310546875000e+02
7.499000000000000000e+03,4.720467529296875000e+02,7.407793579101562500e+02
7.500000000000000000e+03,4.725584716796875000e+02,7.355787353515625000e+02
7.501000000000000000e+03,5.436965332031250000e+02,7.568643798828125000e+02
7.502000000000000000e+03,4.724010925292968750e+02,7.376327514648437500e+02
7.503000000000000000e+03,5.005881042480468750e+02,7.437225952148437500e+02
7.504000000000000000e+03,5.357461547851562500e+02,7.667333984375000000e+02
7.505000000000000000e+03,4.809466247558593750e+02,1.137687133789062500e+03
7.506000000000000000e+03,5.103628845214843750e+02,7.511195068359375000e+02
7.507000000000000000e+03,5.093986511230468750e+02,7.337609252929687500e+02
7.508000000000000000e+03,5.088076171875000000e+02,8.548305664062500000e+02
7.509000000000000000e+03,5.915773315429687500e+02,7.689364624023437500e+02
7.510000000000000000e+03,5.061384582519531250e+02,9.360658569335937500e+02
7.511000000000000000e+03,5.350305175781250000e+02,7.804541625976562500e+02
7.512000000000000000e+03,5.018597106933593750e+02,8.934372558593750000e+02
7.513000000000000000e+03,5.047627258300781250e+02,7.328475952148437500e+02
7.514000000000000000e+03,5.626430664062500000e+02,8.990590209960937500e+02
7.515000000000000000e+03,5.170259399414062500e+02,9.158950805664062500e+02
7.516000000000000000e+03,4.882047119140625000e+02,7.369766235351562500e+02
7.517000000000000000e+03,5.372040405273437500e+02,7.451898193359375000e+02
7.518000000000000000e+03,5.286618041992187500e+02,7.802786254882812500e+02
7.519000000000000000e+03,5.512094726562500000e+02,1.031304809570312500e+03
7.520000000000000000e+03,5.387605590820312500e+02,7.631311035156250000e+02
7.521000000000000000e+03,4.788707275390625000e+02,1.755075195312500000e+03
7.522000000000000000e+03,5.653319702148437500e+02,8.478242797851562500e+02
7.523000000000000000e+03,5.228426513671875000e+02,7.435054931640625000e+02
7.524000000000000000e+03,5.020987854003906250e+02,7.348100585937500000e+02
7.525000000000000000e+03,4.873671569824218750e+02,8.763361816406250000e+02
7.526000000000000000e+03,5.091239624023437500e+02,8.325074462890625000e+02
7.527000000000000000e+03,4.932337036132812500e+02,7.456346435546875000e+02
7.528000000000000000e+03,4.517250976562500000e+02,7.448486328125000000e+02
7.529000000000000000e+03,5.493335571289062500e+02,7.636501464843750000e+02
7.530000000000000000e+03,5.099630432128906250e+02,1.284147216796875000e+03
7.531000000000000000e+03,5.184378662109375000e+02,7.347254638671875000e+02
7.532000000000000000e+03,5.136668701171875000e+02,7.549874877929687500e+02
7.533000000000000000e+03,5.538018798828125000e+02,1.435323730468750000e+03
7.534000000000000000e+03,5.195775756835937500e+02,8.718026733398437500e+02
7.535000000000000000e+03,5.616160278320312500e+02,7.480711669921875000e+02
7.536000000000000000e+03,5.273861694335937500e+02,7.788723754882812500e+02
7.537000000000000000e+03,5.205238647460937500e+02,1.273317871093750000e+03
7.538000000000000000e+03,5.349899291992187500e+02,7.344122314453125000e+02
7.539000000000000000e+03,5.318567504882812500e+02,7.593661499023437500e+02
7.540000000000000000e+03,4.864420166015625000e+02,7.692368774414062500e+02
7.541000000000000000e+03,5.072736511230468750e+02,7.738505249023437500e+02
7.542000000000000000e+03,4.963037109375000000e+02,9.584239501953125000e+02
7.543000000000000000e+03,5.393983764648437500e+02,8.755875854492187500e+02
7.544000000000000000e+03,5.570225219726562500e+02,7.417268066406250000e+02
7.545000000000000000e+03,4.924085083007812500e+02,8.306251831054687500e+02
7.546000000000000000e+03,4.780351867675781250e+02,9.723223876953125000e+02
7.547000000000000000e+03,4.588590393066406250e+02,7.344987792968750000e+02
7.548000000000000000e+03,4.562347412109375000e+02,7.436231079101562500e+02
7.549000000000000000e+03,5.176328735351562500e+02,1.160783569335937500e+03
7.550000000000000000e+03,5.625257568359375000e+02,7.729844360351562500e+02
7.551000000000000000e+03,4.804735412597656250e+02,8.051042480468750000e+02
7.552000000000000000e+03,5.318678588867187500e+02,8.589508056640625000e+02
7.553000000000000000e+03,5.059170837402343750e+02,8.077557373046875000e+02
7.554000000000000000e+03,4.762617492675781250e+02,1.085740478515625000e+03
7.555000000000000000e+03,5.427976684570312500e+02,7.877261352539062500e+02
7.556000000000000000e+03,4.854618530273437500e+02,7.393085937500000000e+02
7.557000000000000000e+03,5.138579711914062500e+02,9.898497314453125000e+02
7.558000000000000000e+03,4.917791748046875000e+02,1.494774536132812500e+03
7.559000000000000000e+03,5.297532958984375000e+02,1.462137817382812500e+03
7.560000000000000000e+03,5.010777893066406250e+02,1.119401000976562500e+03
7.561000000000000000e+03,4.660534667968750000e+02,7.386517333984375000e+02
7.562000000000000000e+03,4.925350341796875000e+02,7.869135131835937500e+02
7.563000000000000000e+03,5.116251525878906250e+02,1.096226684570312500e+03
7.564000000000000000e+03,4.789329833984375000e+02,7.394237060546875000e+02
7.565000000000000000e+03,4.815653381347656250e+02,8.382796630859375000e+02
7.566000000000000000e+03,5.041477966308593750e+02,7.454459838867187500e+02
7.567000000000000000e+03,5.292050170898437500e+02,7.383433227539062500e+02
7.568000000000000000e+03,5.045876464843750000e+02,7.587333984375000000e+02
7.569000000000000000e+03,4.982592773437500000e+02,7.374644775390625000e+02
7.570000000000000000e+03,5.395524291992187500e+02,7.671004638671875000e+02
7.571000000000000000e+03,4.978917541503906250e+02,7.395793457031250000e+02
7.572000000000000000e+03,4.831949768066406250e+02,7.659149169921875000e+02
7.573000000000000000e+03,5.121809692382812500e+02,8.089290161132812500e+02
7.574000000000000000e+03,5.248848876953125000e+02,1.241820312500000000e+03
7.575000000000000000e+03,4.882374877929687500e+02,8.561732788085937500e+02
7.576000000000000000e+03,5.063894042968750000e+02,1.201780395507812500e+03
7.577000000000000000e+03,5.329942626953125000e+02,7.391908569335937500e+02
7.578000000000000000e+03,4.835395202636718750e+02,1.788120117187500000e+03
7.579000000000000000e+03,5.681400756835937500e+02,7.368848876953125000e+02
7.580000000000000000e+03,5.045325622558593750e+02,7.623103027343750000e+02
7.581000000000000000e+03,5.297769775390625000e+02,7.355422973632812500e+02
7.582000000000000000e+03,4.760696411132812500e+02,7.340324707031250000e+02
7.583000000000000000e+03,5.416502685546875000e+02,7.712621459960937500e+02
7.584000000000000000e+03,5.345199584960937500e+02,1.241898559570312500e+03
7.585000000000000000e+03,5.058820190429687500e+02,1.109157836914062500e+03
7.586000000000000000e+03,5.206618041992187500e+02,7.388462524414062500e+02
7.587000000000000000e+03,5.760174560546875000e+02,1.136486206054687500e+03
7.588000000000000000e+03,5.810824584960937500e+02,7.766175537109375000e+02
7.589000000000000000e+03,5.339111938476562500e+02,1.014165283203125000e+03
7.590000000000000000e+03,5.240554199218750000e+02,8.941857910156250000e+02
7.591000000000000000e+03,5.092411499023437500e+02,7.658674316406250000e+02
7.592000000000000000e+03,5.426102294921875000e+02,1.325050781250000000e+03
7.593000000000000000e+03,5.071240234375000000e+02,8.850452270507812500e+02
7.594000000000000000e+03,4.940766296386718750e+02,7.406630859375000000e+02
7.595000000000000000e+03,4.944841918945312500e+02,7.373383789062500000e+02
7.596000000000000000e+03,5.569764404296875000e+02,9.296599121093750000e+02
7.597000000000000000e+03,5.132851562500000000e+02,7.940415039062500000e+02
7.598000000000000000e+03,4.780813598632812500e+02,8.151571044921875000e+02
7.599000000000000000e+03,5.491959838867187500e+02,7.422631835937500000e+02
7.600000000000000000e+03,5.048404846191406250e+02,7.458535766601562500e+02
7.601000000000000000e+03,5.267871704101562500e+02,1.018136718750000000e+03
7.602000000000000000e+03,5.263613281250000000e+02,8.226613769531250000e+02
7.603000000000000000e+03,4.906725769042968750e+02,7.401746826171875000e+02
7.604000000000000000e+03,5.275763549804687500e+02,8.133291015625000000e+02
7.605000000000000000e+03,5.297167358398437500e+02,7.385256347656250000e+02
7.606000000000000000e+03,5.354280395507812500e+02,7.353961791992187500e+02
7.607000000000000000e+03,4.926509704589843750e+02,1.143387451171875000e+03
7.608000000000000000e+03,5.536593627929687500e+02,9.188971557617187500e+02
7.609000000000000000e+03,5.236071777343750000e+02,7.656753540039062500e+02
7.610000000000000000e+03,5.636956787109375000e+02,7.850041503906250000e+02
7.611000000000000000e+03,5.031817932128906250e+02,1.675608520507812500e+03
7.612000000000000000e+03,5.060223693847656250e+02,7.694107666015625000e+02
7.613000000000000000e+03,5.155748901367187500e+02,7.449497680664062500e+02
7.614000000000000000e+03,5.256226806640625000e+02,7.391074829101562500e+02
7.615000000000000000e+03,5.334289550781250000e+02,8.095702514648437500e+02
7.616000000000000000e+03,6.006482543945312500e+02,8.160427246093750000e+02
7.617000000000000000e+03,5.442991943359375000e+02,7.439035644531250000e+02
7.618000000000000000e+03,4.986864929199218750e+02,8.160361938476562500e+02
7.619000000000000000e+03,4.921130065917968750e+02,7.968436889648437500e+02
7.620000000000000000e+03,5.166140747070312500e+02,7.573212890625000000e+02
7.621000000000000000e+03,5.497462158203125000e+02,8.634943847656250000e+02
7.622000000000000000e+03,5.272274780273437500e+02,1.069268798828125000e+03
7.623000000000000000e+03,5.348117675781250000e+02,7.390412597656250000e+02
7.624000000000000000e+03,4.932010192871093750e+02,8.159969482421875000e+02
7.625000000000000000e+03,4.953013305664062500e+02,1.014287475585937500e+03
7.626000000000000000e+03,5.511133422851562500e+02,1.273733032226562500e+03
7.627000000000000000e+03,4.907790222167968750e+02,1.088504028320312500e+03
7.628000000000000000e+03,5.112239685058593750e+02,9.240234375000000000e+02
7.629000000000000000e+03,4.642040405273437500e+02,7.916609497070312500e+02
7.630000000000000000e+03,5.429860839843750000e+02,7.379089355468750000e+02
7.631000000000000000e+03,5.152279663085937500e+02,8.027744750976562500e+02
7.632000000000000000e+03,5.364458007812500000e+02,8.908671264648437500e+02
7.633000000000000000e+03,5.127014770507812500e+02,8.400607910156250000e+02
7.634000000000000000e+03,5.262161865234375000e+02,9.758426513671875000e+02
7.635000000000000000e+03,5.566604003906250000e+02,1.192890136718750000e+03
7.636000000000000000e+03,4.878505859375000000e+02,7.975822143554687500e+02
7.637000000000000000e+03,5.627522583007812500e+02,8.889502563476562500e+02
7.638000000000000000e+03,4.937645874023437500e+02,8.729271850585937500e+02
7.639000000000000000e+03,5.992105102539062500e+02,9.324885253906250000e+02
7.640000000000000000e+03,4.969709777832031250e+02,7.392603149414062500e+02
7.641000000000000000e+03,5.559316406250000000e+02,7.514445190429687500e+02
7.642000000000000000e+03,5.217400512695312500e+02,8.692635498046875000e+02
7.643000000000000000e+03,5.095981140136718750e+02,8.686474609375000000e+02
7.644000000000000000e+03,5.617746582031250000e+02,1.073164550781250000e+03
7.645000000000000000e+03,5.220083618164062500e+02,1.194367797851562500e+03
7.646000000000000000e+03,5.699039306640625000e+02,1.009047485351562500e+03
7.647000000000000000e+03,5.112135314941406250e+02,7.494296264648437500e+02
7.648000000000000000e+03,5.197183227539062500e+02,8.828571777343750000e+02
7.649000000000000000e+03,4.609010314941406250e+02,1.181791015625000000e+03
7.650000000000000000e+03,5.291125488281250000e+02,9.726016235351562500e+02
7.651000000000000000e+03,5.111133117675781250e+02,7.460673828125000000e+02
7.652000000000000000e+03,5.362495117187500000e+02,7.367287597656250000e+02
7.653000000000000000e+03,4.885006713867187500e+02,8.494465332031250000e+02
7.654000000000000000e+03,5.116904907226562500e+02,8.404584350585937500e+02
7.655000000000000000e+03,5.346641235351562500e+02,7.664049682617187500e+02
7.656000000000000000e+03,4.762547607421875000e+02,1.052785034179687500e+03
7.657000000000000000e+03,5.145076904296875000e+02,8.139930419921875000e+02
7.658000000000000000e+03,4.738625793457031250e+02,7.479790649414062500e+02
7.659000000000000000e+03,4.926539001464843750e+02,7.524642944335937500e+02
7.660000000000000000e+03,5.303836059570312500e+02,1.561803344726562500e+03
7.661000000000000000e+03,5.280573730468750000e+02,8.768554077148437500e+02
7.662000000000000000e+03,4.733555297851562500e+02,7.380248413085937500e+02
7.663000000000000000e+03,4.742903747558593750e+02,7.324656372070312500e+02
7.664000000000000000e+03,5.798021850585937500e+02,7.489616088867187500e+02
7.665000000000000000e+03,5.600431518554687500e+02,8.390503540039062500e+02
7.666000000000000000e+03,5.325546875000000000e+02,7.416582641601562500e+02
7.667000000000000000e+03,5.096634216308593750e+02,9.293963623046875000e+02
7.668000000000000000e+03,5.088491210937500000e+02,7.555429687500000000e+02
7.669000000000000000e+03,5.105142211914062500e+02,1.091353881835937500e+03
7.670000000000000000e+03,5.198696899414062500e+02,7.394396972656250000e+02
7.671000000000000000e+03,5.162036743164062500e+02,7.489243164062500000e+02
7.672000000000000000e+03,4.961695556640625000e+02,7.325891723632812500e+02
7.673000000000000000e+03,5.008359985351562500e+02,7.396662597656250000e+02
7.674000000000000000e+03,4.794856262207031250e+02,7.514543457031250000e+02
7.675000000000000000e+03,4.840627136230468750e+02,8.557396850585937500e+02
7.676000000000000000e+03,4.771737365722656250e+02,7.356636352539062500e+02
7.677000000000000000e+03,5.272878417968750000e+02,7.833593750000000000e+02
7.678000000000000000e+03,5.641173095703125000e+02,8.867649536132812500e+02
7.679000000000000000e+03,5.245664672851562500e+02,7.745323486328125000e+02
7.680000000000000000e+03,5.735698852539062500e+02,1.720741699218750000e+03
7.681000000000000000e+03,5.062881774902343750e+02,7.657487182617187500e+02
7.682000000000000000e+03,5.171184692382812500e+02,1.133194335937500000e+03
7.683000000000000000e+03,5.775079345703125000e+02,7.648219604492187500e+02
7.684000000000000000e+03,5.967163696289062500e+02,7.348580932617187500e+02
7.685000000000000000e+03,4.488139648437500000e+02,7.396872558593750000e+02
7.686000000000000000e+03,5.505788574218750000e+02,1.260930175781250000e+03
7.687000000000000000e+03,5.255361938476562500e+02,8.072978515625000000e+02
7.688000000000000000e+03,4.510998229980468750e+02,7.464890747070312500e+02
7.689000000000000000e+03,5.184523925781250000e+02,7.484025878906250000e+02
7.690000000000000000e+03,4.517249755859375000e+02,1.114605957031250000e+03
7.691000000000000000e+03,5.589042968750000000e+02,7.491249389648437500e+02
7.692000000000000000e+03,5.702434082031250000e+02,9.671604003906250000e+02
7.693000000000000000e+03,5.854013061523437500e+02,8.615902709960937500e+02
7.694000000000000000e+03,5.027363891601562500e+02,9.106919555664062500e+02
7.695000000000000000e+03,5.089661560058593750e+02,7.310020751953125000e+02
7.696000000000000000e+03,5.025021667480468750e+02,8.402521972656250000e+02
7.697000000000000000e+03,5.437813720703125000e+02,7.542337036132812500e+02
7.698000000000000000e+03,5.159117431640625000e+02,7.413394165039062500e+02
7.699000000000000000e+03,5.363034057617187500e+02,7.340709838867187500e+02
7.700000000000000000e+03,5.145978393554687500e+02,1.136202148437500000e+03
7.701000000000000000e+03,5.239279174804687500e+02,1.092560424804687500e+03
7.702000000000000000e+03,5.381970825195312500e+02,7.654907836914062500e+02
7.703000000000000000e+03,5.451074829101562500e+02,7.739068603515625000e+02
7.704000000000000000e+03,4.902144775390625000e+02,7.798663940429687500e+02
7.705000000000000000e+03,5.278015747070312500e+02,9.848674316406250000e+02
7.706000000000000000e+03,5.509973144531250000e+02,7.332274169921875000e+02
7.707000000000000000e+03,5.111723632812500000e+02,9.020425415039062500e+02
7.708000000000000000e+03,4.804710998535156250e+02,7.570784912109375000e+02
7.709000000000000000e+03,5.052410583496093750e+02,1.022014953613281250e+03
7.710000000000000000e+03,4.879161376953125000e+02,1.207639648437500000e+03
7.711000000000000000e+03,5.408519897460937500e+02,7.952841796875000000e+02
7.712000000000000000e+03,5.194579467773437500e+02,1.912492675781250000e+03
7.713000000000000000e+03,4.812136840820312500e+02,8.613483276367187500e+02
7.714000000000000000e+03,5.309530639648437500e+02,1.453938110351562500e+03
7.715000000000000000e+03,5.289058227539062500e+02,8.237497558593750000e+02
7.716000000000000000e+03,5.036720886230468750e+02,7.406274414062500000e+02
7.717000000000000000e+03,5.248734130859375000e+02,7.443876953125000000e+02
7.718000000000000000e+03,5.003805847167968750e+02,1.434003784179687500e+03
7.719000000000000000e+03,5.075255432128906250e+02,1.256978881835937500e+03
7.720000000000000000e+03,4.915949707031250000e+02,8.978615722656250000e+02
7.721000000000000000e+03,5.107782287597656250e+02,1.050362792968750000e+03
7.722000000000000000e+03,5.292618408203125000e+02,7.628973999023437500e+02
7.723000000000000000e+03,5.052728271484375000e+02,9.003242187500000000e+02
7.724000000000000000e+03,5.080130310058593750e+02,8.392879638671875000e+02
7.725000000000000000e+03,5.255590209960937500e+02,7.528779296875000000e+02
7.726000000000000000e+03,5.147427368164062500e+02,7.350803222656250000e+02
7.727000000000000000e+03,4.741964721679687500e+02,8.219761352539062500e+02
7.728000000000000000e+03,5.206663208007812500e+02,1.199556030273437500e+03
7.729000000000000000e+03,5.638620605468750000e+02,8.404102172851562500e+02
7.730000000000000000e+03,4.724880676269531250e+02,9.653304443359375000e+02
7.731000000000000000e+03,5.254392700195312500e+02,9.002604980468750000e+02
7.732000000000000000e+03,5.628547363281250000e+02,1.355021484375000000e+03
7.733000000000000000e+03,4.806051940917968750e+02,1.982877929687500000e+03
7.734000000000000000e+03,5.309634399414062500e+02,8.820534667968750000e+02
7.735000000000000000e+03,4.930313720703125000e+02,7.353640747070312500e+02
7.736000000000000000e+03,4.972670288085937500e+02,1.403226684570312500e+03
7.737000000000000000e+03,5.312957153320312500e+02,7.632033081054687500e+02
7.738000000000000000e+03,5.684786376953125000e+02,7.360998535156250000e+02
7.739000000000000000e+03,4.976507873535156250e+02,7.509841308593750000e+02
7.740000000000000000e+03,5.675018310546875000e+02,7.378445434570312500e+02
7.741000000000000000e+03,5.479123535156250000e+02,9.025191650390625000e+02
7.742000000000000000e+03,5.457497558593750000e+02,7.736897583007812500e+02
7.743000000000000000e+03,5.497002563476562500e+02,7.380565185546875000e+02
7.744000000000000000e+03,5.072347717285156250e+02,8.184654541015625000e+02
7.745000000000000000e+03,5.008715820312500000e+02,1.192071289062500000e+03
7.746000000000000000e+03,5.317733154296875000e+02,9.755589599609375000e+02
7.747000000000000000e+03,5.256021118164062500e+02,8.637189941406250000e+02
7.748000000000000000e+03,5.174479980468750000e+02,7.884992065429687500e+02
7.749000000000000000e+03,5.173138427734375000e+02,7.533933105468750000e+02
7.750000000000000000e+03,5.050533752441406250e+02,7.467567138671875000e+02
7.751000000000000000e+03,5.119740600585937500e+02,1.111081542968750000e+03
7.752000000000000000e+03,5.512671508789062500e+02,8.073384399414062500e+02
7.753000000000000000e+03,5.302161254882812500e+02,8.621324462890625000e+02
7.754000000000000000e+03,5.204202270507812500e+02,8.606293334960937500e+02
7.755000000000000000e+03,5.009413757324218750e+02,7.964197998046875000e+02
7.756000000000000000e+03,5.347125244140625000e+02,1.435094482421875000e+03
7.757000000000000000e+03,5.571459960937500000e+02,7.556767578125000000e+02
7.758000000000000000e+03,4.616000671386718750e+02,7.752518920898437500e+02
7.759000000000000000e+03,5.242056274414062500e+02,7.392589111328125000e+02
7.760000000000000000e+03,4.890109863281250000e+02,7.411188964843750000e+02
7.761000000000000000e+03,4.796714782714843750e+02,9.004826660156250000e+02
7.762000000000000000e+03,5.418963012695312500e+02,8.295256958007812500e+02
7.763000000000000000e+03,4.970327453613281250e+02,1.448226440429687500e+03
7.764000000000000000e+03,5.488297119140625000e+02,1.932030761718750000e+03
7.765000000000000000e+03,5.236845703125000000e+02,7.988938598632812500e+02
7.766000000000000000e+03,5.202061767578125000e+02,1.828770141601562500e+03
7.767000000000000000e+03,5.750648193359375000e+02,7.412022705078125000e+02
7.768000000000000000e+03,5.096829223632812500e+02,8.362664184570312500e+02
7.769000000000000000e+03,5.307465820312500000e+02,7.372329101562500000e+02
7.770000000000000000e+03,4.808754882812500000e+02,8.137730712890625000e+02
7.771000000000000000e+03,5.199560546875000000e+02,2.109104492187500000e+03
7.772000000000000000e+03,5.251879272460937500e+02,1.625578857421875000e+03
7.773000000000000000e+03,4.990599365234375000e+02,9.793164672851562500e+02
7.774000000000000000e+03,4.427858276367187500e+02,8.356007080078125000e+02
7.775000000000000000e+03,5.426303100585937500e+02,1.037008422851562500e+03
7.776000000000000000e+03,5.003667907714843750e+02,9.049550170898437500e+02
7.777000000000000000e+03,4.669835510253906250e+02,7.372167358398437500e+02
7.778000000000000000e+03,5.111034851074218750e+02,7.644889526367187500e+02
7.779000000000000000e+03,5.091907043457031250e+02,9.719883422851562500e+02
7.780000000000000000e+03,4.580882568359375000e+02,7.573203735351562500e+02
7.781000000000000000e+03,5.601826171875000000e+02,8.268353881835937500e+02
7.782000000000000000e+03,5.468741455078125000e+02,8.114593505859375000e+02
7.783000000000000000e+03,5.271050415039062500e+02,7.737871704101562500e+02
7.784000000000000000e+03,5.220031127929687500e+02,7.387996826171875000e+02
7.785000000000000000e+03,4.807295532226562500e+02,7.449068603515625000e+02
7.786000000000000000e+03,4.976332702636718750e+02,9.814257812500000000e+02
7.787000000000000000e+03,4.620293273925781250e+02,1.961946655273437500e+03
7.788000000000000000e+03,5.238708496093750000e+02,1.070774902343750000e+03
7.789000000000000000e+03,5.070775146484375000e+02,7.407778930664062500e+02
7.790000000000000000e+03,4.865498657226562500e+02,7.357391357421875000e+02
7.791000000000000000e+03,5.066355895996093750e+02,7.539287109375000000e+02
7.792000000000000000e+03,5.296069335937500000e+02,7.486354980468750000e+02
7.793000000000000000e+03,5.770631103515625000e+02,8.256784057617187500e+02
7.794000000000000000e+03,4.964286499023437500e+02,8.603081665039062500e+02
7.795000000000000000e+03,5.667084960937500000e+02,7.945786743164062500e+02
7.796000000000000000e+03,4.836683654785156250e+02,7.361734619140625000e+02
7.797000000000000000e+03,4.942417907714843750e+02,8.498869018554687500e+02
7.798000000000000000e+03,5.493976440429687500e+02,7.334418334960937500e+02
7.799000000000000000e+03,5.040936279296875000e+02,1.749416625976562500e+03
7.800000000000000000e+03,5.301685180664062500e+02,8.051371459960937500e+02
7.801000000000000000e+03,4.983547973632812500e+02,8.543561401367187500e+02
7.802000000000000000e+03,5.369358520507812500e+02,1.304034423828125000e+03
7.803000000000000000e+03,4.950908203125000000e+02,1.245007324218750000e+03
7.804000000000000000e+03,5.665087890625000000e+02,7.443967895507812500e+02
7.805000000000000000e+03,5.202308349609375000e+02,7.401716308593750000e+02
7.806000000000000000e+03,5.269931030273437500e+02,7.891840209960937500e+02
7.807000000000000000e+03,4.886576232910156250e+02,1.120984741210937500e+03
7.808000000000000000e+03,4.890657653808593750e+02,8.115233764648437500e+02
7.809000000000000000e+03,5.331652832031250000e+02,7.830736083984375000e+02
7.810000000000000000e+03,4.990709838867187500e+02,9.018143920898437500e+02
7.811000000000000000e+03,5.492316894531250000e+02,1.122795410156250000e+03
7.812000000000000000e+03,5.429364624023437500e+02,8.902182006835937500e+02
7.813000000000000000e+03,5.378286132812500000e+02,8.222177734375000000e+02
7.814000000000000000e+03,5.041517944335937500e+02,8.257317504882812500e+02
7.815000000000000000e+03,5.158159790039062500e+02,8.372874755859375000e+02
7.816000000000000000e+03,4.997324829101562500e+02,7.854413452148437500e+02
7.817000000000000000e+03,4.961687011718750000e+02,1.415998779296875000e+03
7.818000000000000000e+03,5.430010986328125000e+02,7.361842041015625000e+02
7.819000000000000000e+03,5.107552185058593750e+02,8.206062622070312500e+02
7.820000000000000000e+03,5.024490051269531250e+02,8.275283813476562500e+02
7.821000000000000000e+03,5.317974853515625000e+02,7.637246704101562500e+02
7.822000000000000000e+03,5.245959472656250000e+02,7.814351806640625000e+02
7.823000000000000000e+03,5.210708618164062500e+02,7.373460083007812500e+02
7.824000000000000000e+03,5.171911010742187500e+02,8.270117797851562500e+02
7.825000000000000000e+03,5.748317260742187500e+02,7.447080078125000000e+02
7.826000000000000000e+03,5.083838195800781250e+02,8.131961669921875000e+02
7.827000000000000000e+03,4.793546142578125000e+02,7.405117187500000000e+02
7.828000000000000000e+03,5.280150146484375000e+02,7.324635620117187500e+02
7.829000000000000000e+03,4.820487365722656250e+02,8.922440795898437500e+02
7.830000000000000000e+03,5.271278686523437500e+02,8.629929809570312500e+02
7.831000000000000000e+03,4.872013244628906250e+02,8.858285522460937500e+02
7.832000000000000000e+03,5.251643066406250000e+02,7.391837768554687500e+02
7.833000000000000000e+03,5.696135253906250000e+02,1.661812133789062500e+03
7.834000000000000000e+03,5.027394714355468750e+02,1.188877441406250000e+03
7.835000000000000000e+03,5.331344604492187500e+02,8.809284667968750000e+02
7.836000000000000000e+03,5.117630310058593750e+02,8.536787109375000000e+02
7.837000000000000000e+03,4.665512695312500000e+02,8.349329223632812500e+02
7.838000000000000000e+03,4.955084228515625000e+02,9.315969848632812500e+02
7.839000000000000000e+03,4.940288391113281250e+02,9.944459228515625000e+02
7.840000000000000000e+03,5.500900268554687500e+02,8.147487792968750000e+02
7.841000000000000000e+03,5.261000976562500000e+02,7.533314819335937500e+02
7.842000000000000000e+03,4.782667541503906250e+02,1.058107177734375000e+03
7.843000000000000000e+03,4.929473266601562500e+02,1.183429687500000000e+03
7.844000000000000000e+03,5.134739990234375000e+02,1.148083007812500000e+03
7.845000000000000000e+03,5.163179321289062500e+02,7.423245849609375000e+02
7.846000000000000000e+03,4.962178649902343750e+02,8.417487792968750000e+02
7.847000000000000000e+03,5.256952514648437500e+02,8.234263305664062500e+02
7.848000000000000000e+03,5.324688110351562500e+02,7.452728271484375000e+02
7.849000000000000000e+03,5.758942871093750000e+02,8.354248046875000000e+02
7.850000000000000000e+03,5.368585815429687500e+02,7.485657958984375000e+02
7.851000000000000000e+03,4.747639770507812500e+02,7.658583984375000000e+02
7.852000000000000000e+03,4.525383605957031250e+02,9.782933349609375000e+02
7.853000000000000000e+03,5.035127258300781250e+02,1.019959533691406250e+03
7.854000000000000000e+03,5.866378173828125000e+02,7.686235961914062500e+02
7.855000000000000000e+03,4.983156127929687500e+02,9.939605102539062500e+02
7.856000000000000000e+03,5.476553344726562500e+02,8.110103149414062500e+02
7.857000000000000000e+03,4.949541625976562500e+02,7.922504272460937500e+02
7.858000000000000000e+03,5.624115600585937500e+02,7.636810913085937500e+02
7.859000000000000000e+03,5.207038574218750000e+02,7.826596069335937500e+02
7.860000000000000000e+03,5.684564819335937500e+02,7.531683959960937500e+02
7.861000000000000000e+03,5.174972534179687500e+02,9.624136352539062500e+02
7.862000000000000000e+03,4.877677917480468750e+02,8.334769287109375000e+02
7.863000000000000000e+03,5.258442993164062500e+02,7.309801025390625000e+02
7.864000000000000000e+03,4.854262390136718750e+02,7.405043334960937500e+02
7.865000000000000000e+03,5.025198364257812500e+02,7.809239501953125000e+02
7.866000000000000000e+03,5.571467285156250000e+02,7.820000610351562500e+02
7.867000000000000000e+03,5.233516235351562500e+02,7.331688232421875000e+02
7.868000000000000000e+03,5.248638916015625000e+02,1.185668701171875000e+03
7.869000000000000000e+03,5.118129577636718750e+02,8.216795043945312500e+02
7.870000000000000000e+03,5.117554016113281250e+02,1.300509155273437500e+03
7.871000000000000000e+03,5.635396728515625000e+02,8.981698608398437500e+02
7.872000000000000000e+03,5.482368164062500000e+02,7.678945922851562500e+02
7.873000000000000000e+03,5.242028198242187500e+02,8.622431640625000000e+02
7.874000000000000000e+03,4.693827819824218750e+02,8.408343505859375000e+02
7.875000000000000000e+03,5.548786010742187500e+02,7.874547729492187500e+02
7.876000000000000000e+03,5.576012573242187500e+02,9.224598999023437500e+02
7.877000000000000000e+03,5.156878051757812500e+02,7.463168334960937500e+02
7.878000000000000000e+03,5.197665405273437500e+02,7.788770751953125000e+02
7.879000000000000000e+03,4.988332214355468750e+02,7.767929077148437500e+02
7.880000000000000000e+03,5.066139831542968750e+02,9.533534545898437500e+02
7.881000000000000000e+03,5.269890747070312500e+02,9.440571289062500000e+02
7.882000000000000000e+03,5.453843383789062500e+02,8.872617797851562500e+02
7.883000000000000000e+03,5.393765869140625000e+02,7.355006713867187500e+02
7.884000000000000000e+03,5.374683837890625000e+02,7.539096069335937500e+02
7.885000000000000000e+03,5.026816101074218750e+02,8.812491455078125000e+02
7.886000000000000000e+03,4.917889404296875000e+02,8.095154418945312500e+02
7.887000000000000000e+03,5.422268066406250000e+02,7.312374877929687500e+02
7.888000000000000000e+03,4.585108032226562500e+02,7.375294189453125000e+02
7.889000000000000000e+03,5.361414184570312500e+02,8.220211791992187500e+02
7.890000000000000000e+03,4.855462646484375000e+02,1.097605957031250000e+03
7.891000000000000000e+03,4.882341003417968750e+02,1.020661560058593750e+03
7.892000000000000000e+03,5.276953735351562500e+02,7.864870605468750000e+02
7.893000000000000000e+03,5.158954467773437500e+02,7.492403564453125000e+02
7.894000000000000000e+03,5.118438720703125000e+02,7.342117919921875000e+02
7.895000000000000000e+03,5.122781982421875000e+02,1.182477294921875000e+03
7.896000000000000000e+03,5.293897094726562500e+02,7.350576171875000000e+02
7.897000000000000000e+03,4.863373413085937500e+02,7.681350097656250000e+02
7.898000000000000000e+03,5.186201782226562500e+02,7.557643432617187500e+02
7.899000000000000000e+03,5.146373291015625000e+02,7.367135620117187500e+02
7.900000000000000000e+03,5.207411499023437500e+02,7.428041381835937500e+02
7.901000000000000000e+03,5.308610229492187500e+02,7.421116333007812500e+02
7.902000000000000000e+03,5.402186889648437500e+02,7.525202026367187500e+02
7.903000000000000000e+03,5.406835937500000000e+02,9.488626708984375000e+02
7.904000000000000000e+03,5.303086547851562500e+02,7.409613037109375000e+02
7.905000000000000000e+03,5.148306884765625000e+02,8.040601806640625000e+02
7.906000000000000000e+03,4.926548767089843750e+02,7.414624023437500000e+02
7.907000000000000000e+03,5.417461547851562500e+02,8.467763061523437500e+02
7.908000000000000000e+03,5.404165649414062500e+02,8.774769897460937500e+02
7.909000000000000000e+03,5.259309082031250000e+02,9.618822631835937500e+02
7.910000000000000000e+03,5.112629089355468750e+02,8.178630371093750000e+02
7.911000000000000000e+03,4.840907287597656250e+02,1.628097778320312500e+03
7.912000000000000000e+03,5.706807861328125000e+02,7.558073730468750000e+02
7.913000000000000000e+03,4.765168151855468750e+02,7.487188110351562500e+02
7.914000000000000000e+03,5.439562377929687500e+02,1.307346069335937500e+03
7.915000000000000000e+03,5.452399902343750000e+02,8.584938964843750000e+02
7.916000000000000000e+03,5.044550476074218750e+02,1.379183105468750000e+03
7.917000000000000000e+03,5.216676635742187500e+02,7.955837402343750000e+02
7.918000000000000000e+03,5.203726196289062500e+02,7.423789062500000000e+02
7.919000000000000000e+03,4.857588195800781250e+02,7.756339111328125000e+02
7.920000000000000000e+03,5.278196411132812500e+02,7.353715209960937500e+02
7.921000000000000000e+03,5.644875488281250000e+02,8.701810913085937500e+02
7.922000000000000000e+03,4.396261901855468750e+02,2.472663330078125000e+03
7.923000000000000000e+03,5.330875854492187500e+02,7.652907104492187500e+02
7.924000000000000000e+03,5.319636230468750000e+02,7.384574584960937500e+02
7.925000000000000000e+03,5.057412109375000000e+02,8.281846313476562500e+02
7.926000000000000000e+03,4.936610717773437500e+02,8.683663940429687500e+02
7.927000000000000000e+03,5.154404907226562500e+02,8.648723754882812500e+02
7.928000000000000000e+03,5.188665771484375000e+02,7.493149414062500000e+02
7.929000000000000000e+03,5.726517944335937500e+02,7.367709350585937500e+02
7.930000000000000000e+03,4.732586669921875000e+02,1.075604248046875000e+03
7.931000000000000000e+03,5.329153442382812500e+02,8.658410644531250000e+02
7.932000000000000000e+03,5.097879943847656250e+02,7.615255126953125000e+02
7.933000000000000000e+03,5.160670776367187500e+02,7.355521850585937500e+02
7.934000000000000000e+03,5.381340942382812500e+02,7.438701171875000000e+02
7.935000000000000000e+03,4.830075073242187500e+02,7.494257202148437500e+02
7.936000000000000000e+03,5.324182128906250000e+02,8.402718505859375000e+02
7.937000000000000000e+03,4.805265502929687500e+02,7.369268798828125000e+02
7.938000000000000000e+03,4.749447937011718750e+02,1.678554565429687500e+03
7.939000000000000000e+03,5.315500488281250000e+02,7.647769775390625000e+02
7.940000000000000000e+03,5.402664184570312500e+02,9.665823974609375000e+02
7.941000000000000000e+03,5.342723999023437500e+02,7.467706298828125000e+02
7.942000000000000000e+03,5.553183593750000000e+02,7.769796752929687500e+02
7.943000000000000000e+03,5.054373779296875000e+02,7.613589477539062500e+02
7.944000000000000000e+03,5.082283020019531250e+02,8.795396118164062500e+02
7.945000000000000000e+03,4.975724182128906250e+02,8.531732788085937500e+02
7.946000000000000000e+03,5.279515380859375000e+02,8.525045166015625000e+02
7.947000000000000000e+03,4.993894348144531250e+02,7.700031127929687500e+02
7.948000000000000000e+03,5.570891113281250000e+02,1.384702758789062500e+03
7.949000000000000000e+03,4.886820983886718750e+02,7.337168579101562500e+02
7.950000000000000000e+03,5.409492797851562500e+02,8.239199829101562500e+02
7.951000000000000000e+03,4.832023925781250000e+02,8.126862182617187500e+02
7.952000000000000000e+03,4.676614990234375000e+02,1.098980590820312500e+03
7.953000000000000000e+03,5.879877319335937500e+02,8.108197021484375000e+02
7.954000000000000000e+03,4.961956481933593750e+02,9.386027832031250000e+02
7.955000000000000000e+03,5.465241699218750000e+02,2.293683105468750000e+03
7.956000000000000000e+03,5.420090332031250000e+02,1.009266235351562500e+03
7.957000000000000000e+03,5.094991760253906250e+02,1.339373901367187500e+03
7.958000000000000000e+03,4.993152160644531250e+02,7.638787231445312500e+02
7.959000000000000000e+03,5.072815856933593750e+02,7.349459838867187500e+02
7.960000000000000000e+03,5.335844726562500000e+02,7.353446044921875000e+02
7.961000000000000000e+03,4.861840820312500000e+02,1.036407348632812500e+03
7.962000000000000000e+03,5.505236816406250000e+02,8.872364501953125000e+02
7.963000000000000000e+03,5.073559265136718750e+02,7.330534057617187500e+02
7.964000000000000000e+03,5.107720642089843750e+02,7.563599853515625000e+02
7.965000000000000000e+03,5.185734252929687500e+02,7.400948486328125000e+02
7.966000000000000000e+03,4.888574523925781250e+02,7.326029663085937500e+02
7.967000000000000000e+03,5.309041748046875000e+02,8.321430664062500000e+02
7.968000000000000000e+03,4.912593078613281250e+02,7.742640380859375000e+02
7.969000000000000000e+03,4.940741882324218750e+02,7.764550170898437500e+02
7.970000000000000000e+03,4.945773925781250000e+02,7.372454833984375000e+02
7.971000000000000000e+03,5.175036010742187500e+02,7.333092041015625000e+02
7.972000000000000000e+03,5.461785888671875000e+02,8.732909545898437500e+02
7.973000000000000000e+03,5.381474609375000000e+02,9.160023193359375000e+02
7.974000000000000000e+03,5.213280029296875000e+02,8.435178833007812500e+02
7.975000000000000000e+03,5.325802001953125000e+02,7.493833618164062500e+02
7.976000000000000000e+03,5.221294555664062500e+02,7.320084228515625000e+02
7.977000000000000000e+03,5.072347106933593750e+02,7.470239868164062500e+02
7.978000000000000000e+03,4.773078002929687500e+02,1.563681396484375000e+03
7.979000000000000000e+03,4.957051391601562500e+02,7.480053710937500000e+02
7.980000000000000000e+03,5.069683532714843750e+02,7.391428833007812500e+02
7.981000000000000000e+03,5.203950805664062500e+02,1.174847778320312500e+03
7.982000000000000000e+03,5.049322814941406250e+02,7.408721923828125000e+02
7.983000000000000000e+03,5.054535217285156250e+02,9.504081420898437500e+02
7.984000000000000000e+03,5.282136840820312500e+02,7.718902587890625000e+02
7.985000000000000000e+03,5.037695922851562500e+02,7.536662597656250000e+02
7.986000000000000000e+03,4.801052856445312500e+02,7.413203125000000000e+02
7.987000000000000000e+03,5.004168090820312500e+02,7.462688598632812500e+02
7.988000000000000000e+03,5.054024658203125000e+02,7.422651977539062500e+02
7.989000000000000000e+03,5.191836547851562500e+02,7.366033935546875000e+02
7.990000000000000000e+03,5.086672973632812500e+02,7.540339355468750000e+02
7.991000000000000000e+03,5.062392883300781250e+02,8.081928100585937500e+02
7.992000000000000000e+03,5.286923217773437500e+02,7.329235839843750000e+02
7.993000000000000000e+03,5.276303100585937500e+02,7.458692626953125000e+02
7.994000000000000000e+03,4.681875305175781250e+02,9.340736694335937500e+02
7.995000000000000000e+03,5.123685302734375000e+02,9.892286376953125000e+02
7.996000000000000000e+03,5.340144653320312500e+02,7.376322631835937500e+02
7.997000000000000000e+03,5.150762939453125000e+02,8.242537231445312500e+02
7.998000000000000000e+03,5.659141845703125000e+02,8.118659057617187500e+02
7.999000000000000000e+03,5.291716308593750000e+02,7.449913330078125000e+02
8.000000000000000000e+03,5.284136962890625000e+02,1.153299682617187500e+03
8.001000000000000000e+03,5.046745605468750000e+02,1.517182617187500000e+03
8.002000000000000000e+03,5.016116333007812500e+02,7.343505249023437500e+02
8.003000000000000000e+03,4.989959411621093750e+02,8.065665893554687500e+02
8.004000000000000000e+03,4.385181274414062500e+02,8.758388061523437500e+02
8.005000000000000000e+03,5.093572692871093750e+02,7.417224731445312500e+02
8.006000000000000000e+03,5.224714355468750000e+02,7.861041870117187500e+02
8.007000000000000000e+03,6.137060546875000000e+02,7.786988525390625000e+02
8.008000000000000000e+03,5.077861633300781250e+02,1.015384094238281250e+03
8.009000000000000000e+03,5.114258117675781250e+02,1.529201782226562500e+03
8.010000000000000000e+03,4.936985778808593750e+02,7.686015014648437500e+02
8.011000000000000000e+03,5.202440185546875000e+02,7.757114868164062500e+02
8.012000000000000000e+03,4.625203857421875000e+02,7.508872680664062500e+02
8.013000000000000000e+03,4.893400268554687500e+02,7.366274414062500000e+02
8.014000000000000000e+03,5.233066406250000000e+02,1.034492065429687500e+03
8.015000000000000000e+03,5.186868286132812500e+02,7.495714111328125000e+02
8.016000000000000000e+03,5.451986083984375000e+02,8.526608276367187500e+02
8.017000000000000000e+03,5.860731201171875000e+02,8.093402709960937500e+02
8.018000000000000000e+03,5.411898803710937500e+02,1.334329589843750000e+03
8.019000000000000000e+03,5.389132690429687500e+02,1.635090942382812500e+03
8.020000000000000000e+03,5.110799865722656250e+02,8.424638671875000000e+02
8.021000000000000000e+03,5.152490844726562500e+02,1.388964599609375000e+03
8.022000000000000000e+03,4.593105163574218750e+02,1.188898193359375000e+03
8.023000000000000000e+03,5.175707397460937500e+02,1.092064453125000000e+03
8.024000000000000000e+03,5.220964965820312500e+02,8.166406250000000000e+02
8.025000000000000000e+03,5.388304443359375000e+02,7.313398437500000000e+02
8.026000000000000000e+03,5.369623413085937500e+02,7.313011474609375000e+02
8.027000000000000000e+03,4.995971679687500000e+02,7.476069335937500000e+02
8.028000000000000000e+03,5.434677734375000000e+02,8.054768066406250000e+02
8.029000000000000000e+03,5.173732299804687500e+02,7.747707519531250000e+02
8.030000000000000000e+03,4.880676269531250000e+02,8.793616333007812500e+02
8.031000000000000000e+03,4.962228088378906250e+02,7.545440063476562500e+02
8.032000000000000000e+03,5.142134399414062500e+02,9.045471191406250000e+02
8.033000000000000000e+03,5.125226440429687500e+02,9.418515014648437500e+02
8.034000000000000000e+03,5.106689758300781250e+02,8.369998168945312500e+02
8.035000000000000000e+03,5.077122497558593750e+02,9.057760620117187500e+02
8.036000000000000000e+03,5.256667480468750000e+02,7.292214355468750000e+02
8.037000000000000000e+03,5.104121704101562500e+02,8.750063476562500000e+02
8.038000000000000000e+03,5.715285644531250000e+02,7.389354248046875000e+02
8.039000000000000000e+03,5.427775268554687500e+02,1.020141174316406250e+03
8.040000000000000000e+03,5.610483398437500000e+02,8.146505126953125000e+02
8.041000000000000000e+03,5.423018188476562500e+02,8.660552978515625000e+02
8.042000000000000000e+03,4.659931945800781250e+02,9.510687255859375000e+02
8.043000000000000000e+03,5.108835449218750000e+02,7.397567138671875000e+02
8.044000000000000000e+03,5.445658569335937500e+02,8.977708129882812500e+02
8.045000000000000000e+03,4.890270080566406250e+02,7.861531982421875000e+02
8.046000000000000000e+03,4.734579162597656250e+02,7.301857910156250000e+02
8.047000000000000000e+03,5.047274780273437500e+02,9.707354125976562500e+02
8.048000000000000000e+03,5.493218994140625000e+02,7.482060546875000000e+02
8.049000000000000000e+03,4.922998962402343750e+02,7.299825439453125000e+02
8.050000000000000000e+03,5.002528381347656250e+02,7.263338012695312500e+02
8.051000000000000000e+03,4.850682678222656250e+02,7.294767456054687500e+02
8.052000000000000000e+03,4.994619140625000000e+02,7.458942871093750000e+02
8.053000000000000000e+03,5.216228637695312500e+02,7.334771118164062500e+02
8.054000000000000000e+03,5.049383544921875000e+02,7.724334106445312500e+02
8.055000000000000000e+03,5.116569824218750000e+02,1.189171875000000000e+03
8.056000000000000000e+03,5.307616577148437500e+02,7.536184692382812500e+02
8.057000000000000000e+03,4.725358276367187500e+02,1.117035888671875000e+03
8.058000000000000000e+03,5.187025146484375000e+02,1.149546997070312500e+03
8.059000000000000000e+03,5.319638061523437500e+02,1.029572021484375000e+03
8.060000000000000000e+03,5.590125122070312500e+02,7.303474731445312500e+02
8.061000000000000000e+03,5.084193420410156250e+02,1.261836547851562500e+03
8.062000000000000000e+03,5.266027832031250000e+02,1.353119140625000000e+03
8.063000000000000000e+03,5.380443725585937500e+02,7.400540161132812500e+02
8.064000000000000000e+03,4.986455078125000000e+02,7.601005859375000000e+02
8.065000000000000000e+03,4.727771911621093750e+02,7.407076416015625000e+02
8.066000000000000000e+03,4.961740417480468750e+02,8.274085693359375000e+02
8.067000000000000000e+03,4.943502502441406250e+02,7.365927124023437500e+02
8.068000000000000000e+03,5.355974731445312500e+02,8.254993896484375000e+02
8.069000000000000000e+03,5.123670654296875000e+02,7.287637329101562500e+02
8.070000000000000000e+03,5.233190307617187500e+02,7.723453369140625000e+02
8.071000000000000000e+03,5.153146972656250000e+02,7.969159545898437500e+02
8.072000000000000000e+03,5.315244140625000000e+02,7.328831787109375000e+02
8.073000000000000000e+03,5.430087890625000000e+02,7.360217285156250000e+02
8.074000000000000000e+03,5.282396850585937500e+02,8.343648681640625000e+02
8.075000000000000000e+03,5.194954223632812500e+02,9.601320190429687500e+02
8.076000000000000000e+03,4.750296936035156250e+02,7.482808227539062500e+02
8.077000000000000000e+03,5.041864929199218750e+02,7.297074584960937500e+02
8.078000000000000000e+03,5.614263916015625000e+02,8.515202026367187500e+02
8.079000000000000000e+03,5.854318237304687500e+02,9.763124389648437500e+02
8.080000000000000000e+03,5.233248901367187500e+02,7.506266479492187500e+02
8.081000000000000000e+03,5.394932861328125000e+02,9.644364013671875000e+02
8.082000000000000000e+03,5.337631835937500000e+02,1.001908752441406250e+03
8.083000000000000000e+03,5.041787719726562500e+02,7.300358276367187500e+02
8.084000000000000000e+03,4.929588623046875000e+02,7.338893432617187500e+02
8.085000000000000000e+03,5.817267456054687500e+02,7.475433959960937500e+02
8.086000000000000000e+03,4.829801330566406250e+02,8.662467041015625000e+02
8.087000000000000000e+03,5.048981018066406250e+02,7.861570434570312500e+02
8.088000000000000000e+03,5.408768920898437500e+02,1.309471923828125000e+03
8.089000000000000000e+03,5.216440429687500000e+02,7.373729858398437500e+02
8.090000000000000000e+03,5.087367858886718750e+02,7.755802001953125000e+02
8.091000000000000000e+03,5.458509521484375000e+02,8.145308837890625000e+02
8.092000000000000000e+03,5.068036499023437500e+02,7.324862670898437500e+02
8.093000000000000000e+03,5.431140747070312500e+02,7.470953979492187500e+02
8.094000000000000000e+03,4.746173095703125000e+02,7.872966918945312500e+02
8.095000000000000000e+03,5.475571289062500000e+02,7.676324462890625000e+02
8.096000000000000000e+03,4.930885009765625000e+02,7.336306152343750000e+02
8.097000000000000000e+03,5.242609863281250000e+02,7.650503540039062500e+02
8.098000000000000000e+03,4.776206359863281250e+02,7.417360839843750000e+02
8.099000000000000000e+03,4.362955017089843750e+02,7.556083374023437500e+02
8.100000000000000000e+03,5.197755737304687500e+02,8.972717285156250000e+02
8.101000000000000000e+03,5.185794067382812500e+02,7.899664916992187500e+02
8.102000000000000000e+03,5.041830749511718750e+02,7.394724731445312500e+02
8.103000000000000000e+03,5.090343017578125000e+02,7.620546875000000000e+02
8.104000000000000000e+03,5.264070434570312500e+02,7.623540649414062500e+02
8.105000000000000000e+03,4.903967590332031250e+02,7.378640747070312500e+02
8.106000000000000000e+03,5.359810791015625000e+02,7.501943359375000000e+02
8.107000000000000000e+03,5.075340270996093750e+02,8.949417724609375000e+02
8.108000000000000000e+03,5.223798828125000000e+02,7.335308227539062500e+02
8.109000000000000000e+03,5.008544616699218750e+02,7.359510498046875000e+02
8.110000000000000000e+03,5.030409851074218750e+02,7.320806274414062500e+02
8.111000000000000000e+03,4.861520385742187500e+02,8.594888305664062500e+02
8.112000000000000000e+03,5.056852416992187500e+02,7.507646484375000000e+02
8.113000000000000000e+03,5.145172119140625000e+02,7.353861694335937500e+02
8.114000000000000000e+03,5.254645996093750000e+02,1.139378173828125000e+03
8.115000000000000000e+03,5.312416381835937500e+02,1.037071777343750000e+03
8.116000000000000000e+03,5.008169555664062500e+02,7.294652709960937500e+02
8.117000000000000000e+03,5.341578369140625000e+02,7.680032348632812500e+02
8.118000000000000000e+03,5.039284362792968750e+02,8.971860351562500000e+02
8.119000000000000000e+03,5.355626220703125000e+02,8.352086181640625000e+02
8.120000000000000000e+03,5.082474670410156250e+02,7.872984619140625000e+02
8.121000000000000000e+03,4.752043457031250000e+02,7.326229858398437500e+02
8.122000000000000000e+03,5.269960937500000000e+02,9.724547729492187500e+02
8.123000000000000000e+03,5.349772949218750000e+02,9.207792358398437500e+02
8.124000000000000000e+03,4.928572692871093750e+02,7.406721191406250000e+02
8.125000000000000000e+03,4.974633789062500000e+02,7.480591430664062500e+02
8.126000000000000000e+03,5.092135314941406250e+02,7.338262939453125000e+02
8.127000000000000000e+03,5.162397460937500000e+02,7.658629150390625000e+02
8.128000000000000000e+03,4.956474304199218750e+02,1.015556884765625000e+03
8.129000000000000000e+03,5.416660766601562500e+02,7.906868896484375000e+02
8.130000000000000000e+03,5.381186523437500000e+02,7.739362792968750000e+02
8.131000000000000000e+03,5.298803710937500000e+02,8.512622680664062500e+02
8.132000000000000000e+03,5.324504394531250000e+02,7.949458618164062500e+02
8.133000000000000000e+03,5.124005126953125000e+02,8.058900756835937500e+02
8.134000000000000000e+03,5.533541870117187500e+02,8.581651000976562500e+02
8.135000000000000000e+03,5.207277221679687500e+02,7.419971313476562500e+02
8.136000000000000000e+03,4.827739562988281250e+02,1.549231811523437500e+03
8.137000000000000000e+03,5.247205200195312500e+02,8.345170898437500000e+02
8.138000000000000000e+03,5.231568603515625000e+02,7.435560913085937500e+02
8.139000000000000000e+03,4.711882324218750000e+02,1.125263061523437500e+03
8.140000000000000000e+03,5.291524658203125000e+02,1.194776977539062500e+03
8.141000000000000000e+03,5.017720642089843750e+02,7.345921630859375000e+02
8.142000000000000000e+03,5.533551635742187500e+02,7.840446777343750000e+02
8.143000000000000000e+03,4.917038269042968750e+02,7.597531127929687500e+02
8.144000000000000000e+03,4.917214355468750000e+02,8.182512817382812500e+02
8.145000000000000000e+03,5.346598510742187500e+02,8.254024047851562500e+02
8.146000000000000000e+03,4.937251892089843750e+02,9.937333374023437500e+02
8.147000000000000000e+03,4.581313476562500000e+02,9.617059326171875000e+02
8.148000000000000000e+03,4.840882568359375000e+02,9.804447021484375000e+02
8.149000000000000000e+03,5.158470458984375000e+02,7.359666748046875000e+02
8.150000000000000000e+03,5.155935058593750000e+02,8.242405395507812500e+02
8.151000000000000000e+03,4.882270812988281250e+02,9.665361938476562500e+02
8.152000000000000000e+03,5.041353759765625000e+02,1.156525634765625000e+03
8.153000000000000000e+03,5.236013183593750000e+02,7.817344360351562500e+02
8.154000000000000000e+03,5.019446105957031250e+02,8.831204833984375000e+02
8.155000000000000000e+03,5.094914550781250000e+02,7.332189941406250000e+02
8.156000000000000000e+03,5.199400634765625000e+02,8.551229248046875000e+02
8.157000000000000000e+03,5.607670288085937500e+02,7.931287231445312500e+02
8.158000000000000000e+03,5.056726074218750000e+02,7.332990722656250000e+02
8.159000000000000000e+03,5.029309082031250000e+02,7.348331298828125000e+02
8.160000000000000000e+03,5.356123046875000000e+02,7.514083251953125000e+02
8.161000000000000000e+03,4.633153991699218750e+02,1.277135009765625000e+03
8.162000000000000000e+03,5.545785522460937500e+02,7.776915893554687500e+02
8.163000000000000000e+03,5.189753417968750000e+02,7.899775390625000000e+02
8.164000000000000000e+03,4.920571899414062500e+02,7.709319458007812500e+02
8.165000000000000000e+03,5.319919433593750000e+02,8.082974853515625000e+02
8.166000000000000000e+03,4.933369445800781250e+02,8.194845581054687500e+02
8.167000000000000000e+03,4.984295349121093750e+02,8.061336059570312500e+02
8.168000000000000000e+03,5.036718750000000000e+02,8.182598876953125000e+02
8.169000000000000000e+03,5.119663696289062500e+02,8.925331420898437500e+02
8.170000000000000000e+03,5.675266113281250000e+02,7.617847900390625000e+02
8.171000000000000000e+03,4.968770141601562500e+02,7.395172119140625000e+02
8.172000000000000000e+03,4.981697692871093750e+02,1.293710571289062500e+03
8.173000000000000000e+03,5.614005126953125000e+02,1.120826416015625000e+03
8.174000000000000000e+03,5.439920043945312500e+02,9.513253173828125000e+02
8.175000000000000000e+03,4.676946716308593750e+02,9.706535644531250000e+02
8.176000000000000000e+03,5.051445312500000000e+02,7.713130493164062500e+02
8.177000000000000000e+03,5.380851440429687500e+02,8.782648315429687500e+02
8.178000000000000000e+03,5.032914123535156250e+02,9.076889038085937500e+02
8.179000000000000000e+03,5.322114868164062500e+02,7.393643798828125000e+02
8.180000000000000000e+03,4.782575378417968750e+02,9.697249755859375000e+02
8.181000000000000000e+03,4.590371398925781250e+02,7.531301879882812500e+02
8.182000000000000000e+03,5.060024108886718750e+02,7.906027832031250000e+02
8.183000000000000000e+03,5.327716064453125000e+02,1.386668823242187500e+03
8.184000000000000000e+03,5.462854003906250000e+02,7.342876586914062500e+02
8.185000000000000000e+03,5.051823730468750000e+02,1.076383544921875000e+03
8.186000000000000000e+03,5.662203369140625000e+02,7.396853027343750000e+02
8.187000000000000000e+03,5.581396484375000000e+02,7.627204589843750000e+02
8.188000000000000000e+03,5.143822021484375000e+02,8.895355834960937500e+02
8.189000000000000000e+03,4.852390136718750000e+02,7.450789184570312500e+02
8.190000000000000000e+03,5.146903076171875000e+02,8.060452880859375000e+02
8.191000000000000000e+03,5.342996826171875000e+02,8.546471557617187500e+02
8.192000000000000000e+03,4.943055725097656250e+02,7.324526977539062500e+02
8.193000000000000000e+03,4.856867065429687500e+02,1.050009155273437500e+03
8.194000000000000000e+03,4.647260742187500000e+02,9.204916381835937500e+02
8.195000000000000000e+03,5.417952270507812500e+02,7.588643798828125000e+02
8.196000000000000000e+03,4.504180297851562500e+02,7.872982788085937500e+02
8.197000000000000000e+03,4.861019592285156250e+02,8.822954711914062500e+02
8.198000000000000000e+03,5.556203613281250000e+02,7.447078247070312500e+02
8.199000000000000000e+03,4.850053100585937500e+02,8.144872436523437500e+02
8.200000000000000000e+03,5.013312988281250000e+02,8.149320068359375000e+02
8.201000000000000000e+03,5.328496093750000000e+02,8.375327148437500000e+02
8.202000000000000000e+03,5.164562988281250000e+02,8.420388793945312500e+02
8.203000000000000000e+03,5.083724670410156250e+02,7.692017211914062500e+02
8.204000000000000000e+03,5.304124145507812500e+02,1.090150024414062500e+03
8.205000000000000000e+03,5.634743041992187500e+02,7.502954711914062500e+02
8.206000000000000000e+03,4.732205810546875000e+02,1.502405883789062500e+03
8.207000000000000000e+03,5.274382934570312500e+02,8.647337036132812500e+02
8.208000000000000000e+03,5.116584472656250000e+02,8.697927856445312500e+02
8.209000000000000000e+03,5.032591247558593750e+02,8.384099731445312500e+02
8.210000000000000000e+03,5.517361450195312500e+02,7.455135498046875000e+02
8.211000000000000000e+03,4.670034179687500000e+02,7.466196289062500000e+02
8.212000000000000000e+03,5.148709106445312500e+02,1.346391845703125000e+03
8.213000000000000000e+03,4.978240051269531250e+02,7.360242919921875000e+02
8.214000000000000000e+03,4.943385925292968750e+02,8.868240356445312500e+02
8.215000000000000000e+03,5.336273193359375000e+02,7.268746948242187500e+02
8.216000000000000000e+03,4.655024414062500000e+02,9.528091430664062500e+02
8.217000000000000000e+03,4.765439453125000000e+02,8.489746704101562500e+02
8.218000000000000000e+03,5.573721923828125000e+02,8.052841186523437500e+02
8.219000000000000000e+03,5.220671386718750000e+02,8.229162597656250000e+02
8.220000000000000000e+03,4.977061462402343750e+02,9.838956298828125000e+02
8.221000000000000000e+03,4.838440856933593750e+02,7.337766723632812500e+02
8.222000000000000000e+03,5.114476318359375000e+02,7.569502563476562500e+02
8.223000000000000000e+03,5.057015686035156250e+02,1.481072753906250000e+03
8.224000000000000000e+03,5.021129455566406250e+02,7.415946044921875000e+02
8.225000000000000000e+03,5.128880004882812500e+02,7.369631958007812500e+02
8.226000000000000000e+03,4.537701416015625000e+02,1.047725463867187500e+03
8.227000000000000000e+03,5.205461425781250000e+02,7.333131713867187500e+02
8.228000000000000000e+03,4.995189208984375000e+02,7.751393432617187500e+02
8.229000000000000000e+03,5.127709350585937500e+02,9.749564819335937500e+02
8.230000000000000000e+03,4.988949890136718750e+02,7.398774414062500000e+02
8.231000000000000000e+03,5.237324218750000000e+02,9.723779296875000000e+02
8.232000000000000000e+03,5.211544799804687500e+02,1.102703857421875000e+03
8.233000000000000000e+03,5.125986328125000000e+02,8.755845336914062500e+02
8.234000000000000000e+03,4.965857238769531250e+02,1.179789916992187500e+03
8.235000000000000000e+03,5.435447387695312500e+02,9.476690063476562500e+02
8.236000000000000000e+03,4.846502380371093750e+02,2.635044677734375000e+03
8.237000000000000000e+03,5.237988891601562500e+02,8.097340087890625000e+02
8.238000000000000000e+03,4.687192077636718750e+02,1.141870483398437500e+03
8.239000000000000000e+03,4.991407470703125000e+02,8.968828735351562500e+02
8.240000000000000000e+03,5.297904663085937500e+02,7.424169921875000000e+02
8.241000000000000000e+03,4.948581542968750000e+02,8.150378417968750000e+02
8.242000000000000000e+03,4.900468139648437500e+02,7.268119506835937500e+02
8.243000000000000000e+03,5.173744506835937500e+02,7.900532836914062500e+02
8.244000000000000000e+03,5.301577758789062500e+02,1.024966796875000000e+03
8.245000000000000000e+03,5.200504760742187500e+02,7.545797119140625000e+02
8.246000000000000000e+03,5.650486450195312500e+02,8.363435058593750000e+02
8.247000000000000000e+03,4.985948181152343750e+02,7.540720214843750000e+02
8.248000000000000000e+03,4.810879821777343750e+02,8.609396972656250000e+02
8.249000000000000000e+03,5.146345825195312500e+02,7.310413208007812500e+02
8.250000000000000000e+03,5.067178955078125000e+02,7.322777099609375000e+02
8.251000000000000000e+03,5.100328979492187500e+02,7.436748046875000000e+02
8.252000000000000000e+03,5.141397094726562500e+02,7.310809326171875000e+02
8.253000000000000000e+03,5.239890747070312500e+02,7.658107910156250000e+02
8.254000000000000000e+03,4.957007446289062500e+02,7.495643920898437500e+02
8.255000000000000000e+03,5.425410156250000000e+02,7.359475708007812500e+02
8.256000000000000000e+03,5.235693969726562500e+02,7.291708984375000000e+02
8.257000000000000000e+03,5.309309692382812500e+02,1.070945800781250000e+03
8.258000000000000000e+03,5.289118041992187500e+02,1.515362548828125000e+03
8.259000000000000000e+03,4.887163391113281250e+02,8.124891357421875000e+02
8.260000000000000000e+03,5.144436645507812500e+02,1.005921875000000000e+03
8.261000000000000000e+03,5.341291503906250000e+02,7.882170410156250000e+02
8.262000000000000000e+03,4.758357849121093750e+02,7.347570190429687500e+02
8.263000000000000000e+03,5.289477539062500000e+02,8.476580810546875000e+02
8.264000000000000000e+03,4.542479858398437500e+02,8.563663330078125000e+02
8.265000000000000000e+03,5.052012023925781250e+02,7.310660400390625000e+02
8.266000000000000000e+03,5.407480468750000000e+02,1.083069580078125000e+03
8.267000000000000000e+03,5.363172607421875000e+02,1.024447509765625000e+03
8.268000000000000000e+03,5.703584594726562500e+02,7.491196289062500000e+02
8.269000000000000000e+03,5.195645751953125000e+02,9.213159790039062500e+02
8.270000000000000000e+03,5.295932006835937500e+02,7.598947143554687500e+02
8.271000000000000000e+03,5.704489135742187500e+02,7.514940185546875000e+02
8.272000000000000000e+03,4.983858032226562500e+02,1.117769653320312500e+03
8.273000000000000000e+03,5.470390014648437500e+02,1.062856079101562500e+03
8.274000000000000000e+03,4.945553588867187500e+02,8.135561523437500000e+02
8.275000000000000000e+03,5.123642578125000000e+02,7.549338378906250000e+02
8.276000000000000000e+03,4.783160095214843750e+02,1.026884521484375000e+03
8.277000000000000000e+03,4.987662963867187500e+02,7.385783691406250000e+02
8.278000000000000000e+03,5.130220336914062500e+02,7.386972045898437500e+02
8.279000000000000000e+03,5.058726501464843750e+02,7.680137939453125000e+02
8.280000000000000000e+03,5.035480041503906250e+02,9.430224609375000000e+02
8.281000000000000000e+03,5.100419311523437500e+02,8.661665649414062500e+02
8.282000000000000000e+03,4.908532104492187500e+02,7.329782714843750000e+02
8.283000000000000000e+03,4.653872070312500000e+02,8.047839355468750000e+02
8.284000000000000000e+03,5.213047485351562500e+02,7.611801147460937500e+02
8.285000000000000000e+03,5.351750488281250000e+02,7.294872436523437500e+02
8.286000000000000000e+03,4.666170043945312500e+02,9.448118286132812500e+02
8.287000000000000000e+03,5.464907836914062500e+02,7.988182983398437500e+02
8.288000000000000000e+03,5.174157104492187500e+02,7.321500854492187500e+02
8.289000000000000000e+03,5.139751586914062500e+02,1.178792480468750000e+03
8.290000000000000000e+03,5.062960815429687500e+02,1.006382812500000000e+03
8.291000000000000000e+03,5.205499877929687500e+02,7.295672607421875000e+02
8.292000000000000000e+03,4.808738403320312500e+02,8.017752685546875000e+02
8.293000000000000000e+03,4.979863586425781250e+02,1.272872802734375000e+03
8.294000000000000000e+03,5.059593505859375000e+02,1.609182983398437500e+03
8.295000000000000000e+03,5.041556396484375000e+02,9.906445922851562500e+02
8.296000000000000000e+03,5.680018920898437500e+02,7.336377563476562500e+02
8.297000000000000000e+03,5.411074829101562500e+02,7.746373291015625000e+02
8.298000000000000000e+03,4.806640014648437500e+02,7.643500976562500000e+02
8.299000000000000000e+03,4.617875366210937500e+02,8.725125122070312500e+02
8.300000000000000000e+03,5.467438354492187500e+02,7.341488037109375000e+02
8.301000000000000000e+03,5.004116821289062500e+02,7.703032226562500000e+02
8.302000000000000000e+03,5.056786804199218750e+02,7.453303833007812500e+02
8.303000000000000000e+03,5.050151367187500000e+02,1.269305297851562500e+03
8.304000000000000000e+03,5.588071899414062500e+02,7.382775878906250000e+02
8.305000000000000000e+03,4.500148925781250000e+02,8.097152099609375000e+02
8.306000000000000000e+03,5.395908203125000000e+02,7.409859619140625000e+02
8.307000000000000000e+03,5.008937072753906250e+02,7.829311523437500000e+02
8.308000000000000000e+03,5.186997680664062500e+02,7.386585083007812500e+02
8.309000000000000000e+03,5.112844238281250000e+02,7.345726318359375000e+02
8.310000000000000000e+03,5.101153259277343750e+02,7.372119750976562500e+02
8.311000000000000000e+03,4.817208557128906250e+02,7.321124267578125000e+02
8.312000000000000000e+03,4.771068115234375000e+02,7.670302734375000000e+02
8.313000000000000000e+03,5.523951416015625000e+02,7.385441894531250000e+02
8.314000000000000000e+03,4.632474670410156250e+02,1.286960449218750000e+03
8.315000000000000000e+03,5.128682861328125000e+02,8.721148681640625000e+02
8.316000000000000000e+03,5.174843750000000000e+02,7.578622436523437500e+02
8.317000000000000000e+03,5.114413452148437500e+02,7.467372436523437500e+02
8.318000000000000000e+03,5.157822875976562500e+02,7.438211059570312500e+02
8.319000000000000000e+03,5.265244750976562500e+02,9.058483276367187500e+02
8.320000000000000000e+03,4.959083251953125000e+02,7.735489501953125000e+02
8.321000000000000000e+03,5.032886657714843750e+02,8.701229248046875000e+02
8.322000000000000000e+03,5.211758422851562500e+02,7.448041381835937500e+02
8.323000000000000000e+03,4.891066284179687500e+02,9.796470336914062500e+02
8.324000000000000000e+03,4.883076171875000000e+02,9.555154418945312500e+02
8.325000000000000000e+03,5.267916870117187500e+02,7.678077392578125000e+02
8.326000000000000000e+03,4.744205322265625000e+02,1.341689453125000000e+03
8.327000000000000000e+03,4.797998046875000000e+02,1.043595947265625000e+03
8.328000000000000000e+03,4.922070312500000000e+02,7.376561889648437500e+02
8.329000000000000000e+03,5.100019226074218750e+02,8.286655273437500000e+02
8.330000000000000000e+03,4.835046081542968750e+02,7.318264160156250000e+02
8.331000000000000000e+03,5.191823120117187500e+02,7.860791625976562500e+02
8.332000000000000000e+03,5.338671264648437500e+02,7.386846313476562500e+02
8.333000000000000000e+03,4.892524108886718750e+02,1.128522705078125000e+03
8.334000000000000000e+03,5.471416015625000000e+02,7.489575805664062500e+02
8.335000000000000000e+03,4.889077148437500000e+02,7.576116943359375000e+02
8.336000000000000000e+03,4.774271545410156250e+02,1.659503295898437500e+03
8.337000000000000000e+03,4.894872741699218750e+02,7.352292480468750000e+02
8.338000000000000000e+03,5.322152099609375000e+02,7.410705566406250000e+02
8.339000000000000000e+03,5.434154052734375000e+02,7.574568481445312500e+02
8.340000000000000000e+03,5.190880126953125000e+02,9.529712524414062500e+02
8.341000000000000000e+03,5.120108032226562500e+02,7.374518432617187500e+02
8.342000000000000000e+03,5.284303588867187500e+02,1.116732910156250000e+03
8.343000000000000000e+03,5.295818481445312500e+02,7.833101806640625000e+02
8.344000000000000000e+03,5.042873229980468750e+02,8.477816162109375000e+02
8.345000000000000000e+03,5.474161987304687500e+02,7.739541015625000000e+02
8.346000000000000000e+03,4.920932922363281250e+02,7.357017211914062500e+02
8.347000000000000000e+03,4.728672180175781250e+02,7.952246704101562500e+02
8.348000000000000000e+03,5.078047485351562500e+02,7.373328247070312500e+02
8.349000000000000000e+03,5.032131958007812500e+02,7.284398193359375000e+02
8.350000000000000000e+03,5.188605957031250000e+02,7.299820556640625000e+02
8.351000000000000000e+03,5.040166015625000000e+02,1.029323120117187500e+03
8.352000000000000000e+03,5.143056640625000000e+02,1.276036865234375000e+03
8.353000000000000000e+03,5.080314025878906250e+02,1.237892211914062500e+03
8.354000000000000000e+03,5.124808959960937500e+02,7.753934936523437500e+02
8.355000000000000000e+03,5.264728393554687500e+02,8.071887817382812500e+02
8.356000000000000000e+03,4.943749389648437500e+02,7.714773559570312500e+02
8.357000000000000000e+03,5.124826049804687500e+02,7.355044555664062500e+02
8.358000000000000000e+03,4.986477661132812500e+02,7.565177001953125000e+02
8.359000000000000000e+03,4.946068420410156250e+02,7.281336669921875000e+02
8.360000000000000000e+03,5.306447753906250000e+02,7.421762084960937500e+02
8.361000000000000000e+03,4.939379882812500000e+02,8.048330078125000000e+02
8.362000000000000000e+03,4.715681152343750000e+02,1.007850280761718750e+03
8.363000000000000000e+03,4.677760925292968750e+02,1.150313842773437500e+03
8.364000000000000000e+03,5.001027526855468750e+02,9.759115600585937500e+02
8.365000000000000000e+03,4.993962707519531250e+02,1.259379150390625000e+03
8.366000000000000000e+03,5.188807373046875000e+02,7.315193481445312500e+02
8.367000000000000000e+03,5.256759643554687500e+02,1.886219238281250000e+03
8.368000000000000000e+03,4.848565368652343750e+02,7.809885253906250000e+02
8.369000000000000000e+03,5.128032226562500000e+02,7.721864624023437500e+02
8.370000000000000000e+03,4.681152954101562500e+02,8.503630371093750000e+02
8.371000000000000000e+03,4.786142883300781250e+02,1.291930419921875000e+03
8.372000000000000000e+03,4.820794982910156250e+02,7.380053710937500000e+02
8.373000000000000000e+03,5.042637329101562500e+02,9.980773315429687500e+02
8.374000000000000000e+03,5.419693603515625000e+02,7.392574462890625000e+02
8.375000000000000000e+03,5.150817871093750000e+02,7.328320922851562500e+02
8.376000000000000000e+03,4.877592163085937500e+02,8.038300170898437500e+02
8.377000000000000000e+03,4.967568054199218750e+02,8.017930297851562500e+02
8.378000000000000000e+03,5.262711791992187500e+02,1.458753295898437500e+03
8.379000000000000000e+03,4.801379089355468750e+02,7.908181152343750000e+02
8.380000000000000000e+03,5.003569641113281250e+02,7.416644287109375000e+02
8.381000000000000000e+03,4.952122497558593750e+02,7.339548339843750000e+02
8.382000000000000000e+03,5.227715454101562500e+02,7.274758300781250000e+02
8.383000000000000000e+03,5.517595825195312500e+02,7.649083251953125000e+02
8.384000000000000000e+03,4.966368713378906250e+02,7.299863891601562500e+02
8.385000000000000000e+03,4.865390014648437500e+02,9.410855102539062500e+02
8.386000000000000000e+03,5.136128540039062500e+02,7.500607910156250000e+02
8.387000000000000000e+03,5.337929077148437500e+02,8.117003173828125000e+02
8.388000000000000000e+03,4.209089050292968750e+02,8.995185546875000000e+02
8.389000000000000000e+03,5.770603637695312500e+02,7.305211181640625000e+02
8.390000000000000000e+03,5.051881408691406250e+02,7.747115478515625000e+02
8.391000000000000000e+03,4.886759338378906250e+02,7.650298461914062500e+02
8.392000000000000000e+03,4.942010803222656250e+02,2.227066406250000000e+03
8.393000000000000000e+03,5.517500610351562500e+02,7.471893310546875000e+02
8.394000000000000000e+03,5.016918640136718750e+02,8.663052978515625000e+02
8.395000000000000000e+03,4.912757873535156250e+02,7.363626098632812500e+02
8.396000000000000000e+03,5.454183959960937500e+02,1.311478027343750000e+03
8.397000000000000000e+03,5.169155273437500000e+02,1.175934204101562500e+03
8.398000000000000000e+03,5.101933288574218750e+02,9.759751586914062500e+02
8.399000000000000000e+03,4.743887939453125000e+02,1.479362670898437500e+03
8.400000000000000000e+03,5.220906982421875000e+02,2.160652343750000000e+03
8.401000000000000000e+03,5.212281494140625000e+02,1.200084594726562500e+03
8.402000000000000000e+03,5.209970092773437500e+02,8.272917480468750000e+02
8.403000000000000000e+03,5.118846130371093750e+02,9.083945312500000000e+02
8.404000000000000000e+03,5.064843139648437500e+02,1.175736450195312500e+03
8.405000000000000000e+03,5.143980102539062500e+02,9.159668579101562500e+02
8.406000000000000000e+03,5.191065063476562500e+02,8.724999389648437500e+02
8.407000000000000000e+03,4.894321289062500000e+02,7.336513061523437500e+02
8.408000000000000000e+03,5.362039184570312500e+02,7.373424682617187500e+02
8.409000000000000000e+03,5.435922241210937500e+02,7.467187500000000000e+02
8.410000000000000000e+03,5.133554687500000000e+02,9.687103881835937500e+02
8.411000000000000000e+03,5.338576049804687500e+02,7.672066040039062500e+02
8.412000000000000000e+03,5.318815917968750000e+02,7.271084594726562500e+02
8.413000000000000000e+03,4.695495605468750000e+02,1.657021728515625000e+03
8.414000000000000000e+03,5.340496826171875000e+02,7.549077148437500000e+02
8.415000000000000000e+03,5.517100219726562500e+02,9.074372558593750000e+02
8.416000000000000000e+03,5.018948974609375000e+02,1.511763061523437500e+03
8.417000000000000000e+03,5.220862426757812500e+02,7.576411743164062500e+02
8.418000000000000000e+03,4.954855346679687500e+02,7.270014038085937500e+02
8.419000000000000000e+03,5.327351074218750000e+02,7.874452514648437500e+02
8.420000000000000000e+03,5.227138061523437500e+02,7.507490234375000000e+02
8.421000000000000000e+03,4.683867797851562500e+02,2.023753173828125000e+03
8.422000000000000000e+03,5.076020812988281250e+02,8.289417724609375000e+02
8.423000000000000000e+03,4.987168579101562500e+02,7.526776123046875000e+02
8.424000000000000000e+03,5.520245971679687500e+02,7.283739624023437500e+02
8.425000000000000000e+03,5.368905029296875000e+02,7.606899414062500000e+02
8.426000000000000000e+03,5.157953491210937500e+02,7.289423828125000000e+02
8.427000000000000000e+03,5.069661560058593750e+02,8.669512329101562500e+02
8.428000000000000000e+03,4.711513061523437500e+02,1.570839599609375000e+03
8.429000000000000000e+03,5.383211059570312500e+02,7.322193603515625000e+02
8.430000000000000000e+03,4.642086791992187500e+02,1.100122802734375000e+03
8.431000000000000000e+03,5.720581665039062500e+02,7.273706054687500000e+02
8.432000000000000000e+03,4.830447998046875000e+02,1.069567871093750000e+03
8.433000000000000000e+03,5.421645507812500000e+02,7.283207397460937500e+02
8.434000000000000000e+03,4.986159667968750000e+02,7.784329223632812500e+02
8.435000000000000000e+03,5.351072387695312500e+02,7.321130371093750000e+02
8.436000000000000000e+03,4.971664733886718750e+02,9.465106811523437500e+02
8.437000000000000000e+03,4.929896545410156250e+02,8.087313232421875000e+02
8.438000000000000000e+03,4.866320190429687500e+02,8.974039306640625000e+02
8.439000000000000000e+03,4.699670410156250000e+02,7.499716796875000000e+02
8.440000000000000000e+03,5.038153686523437500e+02,7.698141479492187500e+02
8.441000000000000000e+03,5.130870361328125000e+02,9.595055541992187500e+02
8.442000000000000000e+03,5.090184020996093750e+02,7.295809326171875000e+02
8.443000000000000000e+03,4.835495910644531250e+02,9.932900390625000000e+02
8.444000000000000000e+03,4.881554565429687500e+02,7.284125976562500000e+02
8.445000000000000000e+03,5.635372314453125000e+02,7.314776611328125000e+02
8.446000000000000000e+03,4.688698425292968750e+02,1.512243530273437500e+03
8.447000000000000000e+03,4.910395202636718750e+02,7.424440917968750000e+02
8.448000000000000000e+03,5.297016601562500000e+02,7.686228027343750000e+02
8.449000000000000000e+03,5.109434509277343750e+02,8.441531982421875000e+02
8.450000000000000000e+03,5.050050659179687500e+02,9.209387207031250000e+02
8.451000000000000000e+03,5.198356323242187500e+02,7.526967773437500000e+02
8.452000000000000000e+03,4.810804443359375000e+02,7.325505981445312500e+02
8.453000000000000000e+03,5.000588073730468750e+02,7.283717041015625000e+02
8.454000000000000000e+03,4.940736694335937500e+02,7.713865356445312500e+02
8.455000000000000000e+03,5.130321655273437500e+02,7.368569335937500000e+02
8.456000000000000000e+03,4.796816101074218750e+02,7.414672851562500000e+02
8.457000000000000000e+03,5.080645141601562500e+02,1.744637817382812500e+03
8.458000000000000000e+03,5.412557983398437500e+02,7.330964355468750000e+02
8.459000000000000000e+03,5.206434326171875000e+02,1.596852783203125000e+03
8.460000000000000000e+03,5.499649658203125000e+02,7.647356567382812500e+02
8.461000000000000000e+03,5.040857238769531250e+02,9.609810791015625000e+02
8.462000000000000000e+03,5.370217895507812500e+02,8.048737182617187500e+02
8.463000000000000000e+03,4.831354064941406250e+02,7.682832641601562500e+02
8.464000000000000000e+03,4.961022949218750000e+02,7.314124755859375000e+02
8.465000000000000000e+03,5.150299682617187500e+02,8.566774291992187500e+02
8.466000000000000000e+03,5.221753540039062500e+02,8.584028930664062500e+02
8.467000000000000000e+03,5.179887084960937500e+02,8.089259643554687500e+02
8.468000000000000000e+03,5.520914916992187500e+02,7.274756469726562500e+02
8.469000000000000000e+03,4.898297729492187500e+02,1.305284667968750000e+03
8.470000000000000000e+03,5.361865234375000000e+02,7.246129760742187500e+02
8.471000000000000000e+03,5.651497192382812500e+02,7.268806152343750000e+02
8.472000000000000000e+03,5.398472900390625000e+02,1.147021606445312500e+03
8.473000000000000000e+03,5.169313964843750000e+02,7.901773681640625000e+02
8.474000000000000000e+03,5.589600219726562500e+02,7.811324462890625000e+02
8.475000000000000000e+03,4.869772949218750000e+02,9.743137207031250000e+02
8.476000000000000000e+03,5.566265258789062500e+02,7.428236083984375000e+02
8.477000000000000000e+03,5.403005371093750000e+02,7.263136596679687500e+02
8.478000000000000000e+03,4.971471252441406250e+02,7.758645629882812500e+02
8.479000000000000000e+03,4.861491088867187500e+02,7.565047607421875000e+02
8.480000000000000000e+03,5.815659790039062500e+02,1.299355957031250000e+03
8.481000000000000000e+03,5.079345092773437500e+02,8.169948120117187500e+02
8.482000000000000000e+03,5.161683959960937500e+02,7.318308105468750000e+02
8.483000000000000000e+03,4.959770812988281250e+02,7.354034423828125000e+02
8.484000000000000000e+03,5.199346313476562500e+02,8.629290771484375000e+02
8.485000000000000000e+03,5.301251220703125000e+02,1.602921875000000000e+03
8.486000000000000000e+03,5.142993164062500000e+02,2.605548339843750000e+03
8.487000000000000000e+03,4.832391052246093750e+02,8.609983520507812500e+02
8.488000000000000000e+03,5.677516479492187500e+02,7.652947998046875000e+02
8.489000000000000000e+03,5.277730102539062500e+02,8.465619506835937500e+02
8.490000000000000000e+03,4.844620056152343750e+02,8.545786743164062500e+02
8.491000000000000000e+03,5.248450317382812500e+02,7.429050292968750000e+02
8.492000000000000000e+03,4.757429199218750000e+02,1.275442626953125000e+03
8.493000000000000000e+03,5.468045654296875000e+02,7.276466064453125000e+02
8.494000000000000000e+03,5.068511047363281250e+02,7.294512329101562500e+02
8.495000000000000000e+03,5.305899658203125000e+02,7.327694702148437500e+02
8.496000000000000000e+03,5.123727416992187500e+02,1.116423828125000000e+03
8.497000000000000000e+03,5.024913635253906250e+02,1.794600341796875000e+03
8.498000000000000000e+03,5.402066040039062500e+02,7.294180297851562500e+02
8.499000000000000000e+03,4.814128417968750000e+02,7.743419189453125000e+02
8.500000000000000000e+03,5.169597778320312500e+02,1.706973754882812500e+03
8.501000000000000000e+03,4.770336914062500000e+02,8.618968505859375000e+02
8.502000000000000000e+03,4.831051635742187500e+02,1.063134399414062500e+03
8.503000000000000000e+03,4.952177734375000000e+02,7.888194580078125000e+02
8.504000000000000000e+03,5.201242675781250000e+02,7.288726806640625000e+02
8.505000000000000000e+03,4.905527038574218750e+02,8.076099243164062500e+02
8.506000000000000000e+03,4.690425109863281250e+02,1.020336975097656250e+03
8.507000000000000000e+03,5.188427124023437500e+02,8.850274047851562500e+02
8.508000000000000000e+03,5.341433105468750000e+02,7.453714599609375000e+02
8.509000000000000000e+03,5.199351806640625000e+02,8.236694335937500000e+02
8.510000000000000000e+03,5.447536010742187500e+02,8.412912597656250000e+02
8.511000000000000000e+03,4.622607116699218750e+02,2.027617675781250000e+03
8.512000000000000000e+03,5.246525878906250000e+02,8.102238769531250000e+02
8.513000000000000000e+03,4.738552856445312500e+02,7.487407836914062500e+02
8.514000000000000000e+03,5.069366760253906250e+02,7.267080688476562500e+02
8.515000000000000000e+03,5.100206604003906250e+02,8.031294555664062500e+02
8.516000000000000000e+03,4.864419555664062500e+02,7.496194458007812500e+02
8.517000000000000000e+03,5.052087402343750000e+02,8.200560913085937500e+02
8.518000000000000000e+03,5.238712158203125000e+02,7.325504150390625000e+02
8.519000000000000000e+03,5.295809326171875000e+02,7.305162353515625000e+02
8.520000000000000000e+03,4.835801391601562500e+02,8.556412353515625000e+02
8.521000000000000000e+03,4.617337341308593750e+02,9.426798706054687500e+02
8.522000000000000000e+03,4.915393371582031250e+02,7.913688354492187500e+02
8.523000000000000000e+03,4.748236694335937500e+02,9.774641723632812500e+02
8.524000000000000000e+03,4.869879760742187500e+02,1.423909667968750000e+03
8.525000000000000000e+03,5.087298278808593750e+02,7.857183837890625000e+02
8.526000000000000000e+03,4.641013488769531250e+02,7.458314208984375000e+02
8.527000000000000000e+03,5.248303222656250000e+02,7.369096069335937500e+02
8.528000000000000000e+03,5.342019042968750000e+02,7.917096557617187500e+02
8.529000000000000000e+03,5.243400878906250000e+02,8.423142089843750000e+02
8.530000000000000000e+03,4.631926574707031250e+02,7.453460083007812500e+02
8.531000000000000000e+03,5.088864440917968750e+02,8.550302734375000000e+02
8.532000000000000000e+03,5.511503295898437500e+02,7.388820190429687500e+02
8.533000000000000000e+03,5.023139953613281250e+02,8.886644287109375000e+02
8.534000000000000000e+03,5.173315429687500000e+02,7.783881225585937500e+02
8.535000000000000000e+03,5.184615478515625000e+02,1.324517700195312500e+03
8.536000000000000000e+03,4.862502136230468750e+02,8.255471191406250000e+02
8.537000000000000000e+03,5.204249267578125000e+02,7.923284912109375000e+02
8.538000000000000000e+03,5.299744262695312500e+02,1.008708496093750000e+03
8.539000000000000000e+03,5.248060913085937500e+02,8.178319702148437500e+02
8.540000000000000000e+03,5.383223876953125000e+02,9.845635375976562500e+02
8.541000000000000000e+03,5.299839477539062500e+02,7.361790161132812500e+02
8.542000000000000000e+03,5.101778564453125000e+02,7.289660644531250000e+02
8.543000000000000000e+03,5.006238708496093750e+02,7.347111816406250000e+02
8.544000000000000000e+03,4.855446166992187500e+02,7.889808959960937500e+02
8.545000000000000000e+03,5.381701049804687500e+02,8.041248168945312500e+02
8.546000000000000000e+03,4.643171997070312500e+02,1.351575805664062500e+03
8.547000000000000000e+03,5.175641479492187500e+02,7.247525024414062500e+02
8.548000000000000000e+03,5.147735595703125000e+02,7.780104980468750000e+02
8.549000000000000000e+03,5.170029907226562500e+02,8.569827270507812500e+02
8.550000000000000000e+03,5.093797607421875000e+02,1.676591552734375000e+03
8.551000000000000000e+03,4.868868713378906250e+02,7.377952880859375000e+02
8.552000000000000000e+03,5.165970458984375000e+02,8.599285888671875000e+02
8.553000000000000000e+03,5.277916870117187500e+02,7.733674316406250000e+02
8.554000000000000000e+03,4.660796813964843750e+02,7.588486938476562500e+02
8.555000000000000000e+03,4.581865234375000000e+02,7.289099121093750000e+02
8.556000000000000000e+03,5.078031616210937500e+02,7.492687377929687500e+02
8.557000000000000000e+03,5.029636840820312500e+02,1.311442749023437500e+03
8.558000000000000000e+03,5.156778564453125000e+02,7.331126708984375000e+02
8.559000000000000000e+03,4.952436828613281250e+02,7.301873168945312500e+02
8.560000000000000000e+03,5.030782775878906250e+02,8.802413330078125000e+02
8.561000000000000000e+03,5.031410217285156250e+02,7.691375732421875000e+02
8.562000000000000000e+03,5.130485229492187500e+02,7.865242919921875000e+02
8.563000000000000000e+03,4.834354858398437500e+02,8.127185668945312500e+02
8.564000000000000000e+03,5.277032470703125000e+02,9.131249389648437500e+02
8.565000000000000000e+03,5.277470703125000000e+02,7.503990478515625000e+02
8.566000000000000000e+03,5.128809814453125000e+02,9.375982666015625000e+02
8.567000000000000000e+03,5.109386596679687500e+02,1.118351684570312500e+03
8.568000000000000000e+03,5.198728637695312500e+02,8.292508544921875000e+02
8.569000000000000000e+03,4.924573974609375000e+02,7.389580688476562500e+02
8.570000000000000000e+03,5.348393554687500000e+02,7.535123291015625000e+02
8.571000000000000000e+03,5.358680419921875000e+02,7.427164916992187500e+02
8.572000000000000000e+03,4.836390991210937500e+02,7.776071166992187500e+02
8.573000000000000000e+03,5.285181274414062500e+02,7.427693481445312500e+02
8.574000000000000000e+03,4.969627990722656250e+02,7.859526977539062500e+02
8.575000000000000000e+03,5.124244384765625000e+02,1.032165039062500000e+03
8.576000000000000000e+03,5.110202331542968750e+02,7.554874267578125000e+02
8.577000000000000000e+03,5.215905761718750000e+02,1.046011230468750000e+03
8.578000000000000000e+03,5.326942138671875000e+02,7.284090576171875000e+02
8.579000000000000000e+03,4.913355407714843750e+02,7.342102661132812500e+02
8.580000000000000000e+03,5.351926879882812500e+02,7.399848022460937500e+02
8.581000000000000000e+03,5.146062011718750000e+02,7.515341796875000000e+02
8.582000000000000000e+03,4.818021240234375000e+02,1.208877075195312500e+03
8.583000000000000000e+03,4.975204467773437500e+02,7.319430541992187500e+02
8.584000000000000000e+03,5.123913574218750000e+02,7.393256835937500000e+02
8.585000000000000000e+03,4.670722045898437500e+02,7.296796264648437500e+02
8.586000000000000000e+03,5.331759643554687500e+02,7.548106079101562500e+02
8.587000000000000000e+03,5.041317443847656250e+02,7.337847900390625000e+02
8.588000000000000000e+03,5.144893798828125000e+02,7.573188476562500000e+02
8.589000000000000000e+03,5.308043823242187500e+02,7.330199584960937500e+02
8.590000000000000000e+03,5.255491943359375000e+02,7.291170043945312500e+02
8.591000000000000000e+03,4.915000000000000000e+02,1.897737182617187500e+03
8.592000000000000000e+03,5.390838623046875000e+02,8.069724731445312500e+02
8.593000000000000000e+03,5.461397094726562500e+02,1.012373535156250000e+03
8.594000000000000000e+03,5.204067382812500000e+02,7.390734252929687500e+02
8.595000000000000000e+03,4.636784973144531250e+02,9.707388305664062500e+02
8.596000000000000000e+03,5.186179809570312500e+02,7.419806518554687500e+02
8.597000000000000000e+03,5.233478393554687500e+02,7.591884765625000000e+02
8.598000000000000000e+03,4.538544616699218750e+02,7.268405151367187500e+02
8.599000000000000000e+03,5.107284851074218750e+02,7.796492309570312500e+02
8.600000000000000000e+03,4.693320007324218750e+02,7.481881713867187500e+02
8.601000000000000000e+03,4.715970153808593750e+02,9.260532226562500000e+02
8.602000000000000000e+03,4.620920104980468750e+02,7.375160522460937500e+02
8.603000000000000000e+03,5.183952026367187500e+02,7.301866455078125000e+02
8.604000000000000000e+03,5.057705383300781250e+02,7.414325561523437500e+02
8.605000000000000000e+03,5.245091552734375000e+02,7.249668579101562500e+02
8.606000000000000000e+03,5.068767395019531250e+02,8.229667358398437500e+02
8.607000000000000000e+03,4.913185119628906250e+02,8.798483276367187500e+02
8.608000000000000000e+03,4.779461975097656250e+02,8.787700805664062500e+02
8.609000000000000000e+03,5.185168457031250000e+02,7.512592163085937500e+02
8.610000000000000000e+03,5.235137939453125000e+02,7.462609252929687500e+02
8.611000000000000000e+03,5.208333129882812500e+02,1.086763061523437500e+03
8.612000000000000000e+03,5.434548339843750000e+02,8.757929687500000000e+02
8.613000000000000000e+03,4.934594726562500000e+02,7.263408203125000000e+02
8.614000000000000000e+03,5.270695800781250000e+02,7.379765625000000000e+02
8.615000000000000000e+03,4.800156860351562500e+02,7.875478515625000000e+02
8.616000000000000000e+03,4.424127502441406250e+02,8.762758789062500000e+02
8.617000000000000000e+03,4.831600952148437500e+02,7.678701171875000000e+02
8.618000000000000000e+03,5.397399902343750000e+02,7.788552856445312500e+02
8.619000000000000000e+03,5.273882446289062500e+02,7.918760986328125000e+02
8.620000000000000000e+03,5.054127502441406250e+02,1.064014282226562500e+03
8.621000000000000000e+03,5.339845581054687500e+02,9.123236083984375000e+02
8.622000000000000000e+03,4.997232055664062500e+02,7.579255371093750000e+02
8.623000000000000000e+03,5.263948364257812500e+02,7.597241210937500000e+02
8.624000000000000000e+03,5.399688110351562500e+02,7.313271484375000000e+02
8.625000000000000000e+03,5.154039306640625000e+02,7.266412963867187500e+02
8.626000000000000000e+03,5.081443481445312500e+02,7.700116577148437500e+02
8.627000000000000000e+03,5.207214355468750000e+02,1.590889526367187500e+03
8.628000000000000000e+03,5.151774291992187500e+02,7.432078857421875000e+02
8.629000000000000000e+03,4.785565185546875000e+02,8.389368286132812500e+02
8.630000000000000000e+03,4.979887390136718750e+02,1.007652526855468750e+03
8.631000000000000000e+03,5.177580566406250000e+02,8.348710937500000000e+02
8.632000000000000000e+03,4.890543518066406250e+02,1.019531066894531250e+03
8.633000000000000000e+03,5.293599243164062500e+02,7.339126586914062500e+02
8.634000000000000000e+03,5.194294433593750000e+02,7.742728881835937500e+02
8.635000000000000000e+03,5.496702880859375000e+02,7.820001831054687500e+02
8.636000000000000000e+03,5.574849243164062500e+02,7.701478271484375000e+02
8.637000000000000000e+03,5.153452758789062500e+02,8.029843139648437500e+02
8.638000000000000000e+03,5.088650207519531250e+02,8.244353027343750000e+02
8.639000000000000000e+03,4.937286682128906250e+02,8.792209472656250000e+02
8.640000000000000000e+03,5.108159484863281250e+02,7.269307250976562500e+02
8.641000000000000000e+03,5.133534545898437500e+02,9.502613525390625000e+02
8.642000000000000000e+03,4.798215026855468750e+02,7.832432861328125000e+02
8.643000000000000000e+03,5.003551635742187500e+02,7.304815063476562500e+02
8.644000000000000000e+03,5.126731567382812500e+02,7.964611816406250000e+02
8.645000000000000000e+03,5.019327392578125000e+02,7.507555541992187500e+02
8.646000000000000000e+03,4.935466918945312500e+02,7.550026855468750000e+02
8.647000000000000000e+03,5.110553894042968750e+02,1.633760375976562500e+03
8.648000000000000000e+03,4.966796569824218750e+02,8.044066772460937500e+02
8.649000000000000000e+03,5.169005126953125000e+02,7.464381103515625000e+02
8.650000000000000000e+03,5.040383300781250000e+02,7.416201171875000000e+02
8.651000000000000000e+03,4.426326599121093750e+02,7.264154052734375000e+02
8.652000000000000000e+03,5.307589111328125000e+02,1.036831787109375000e+03
8.653000000000000000e+03,4.753472900390625000e+02,7.321754150390625000e+02
8.654000000000000000e+03,4.567253723144531250e+02,1.028997558593750000e+03
8.655000000000000000e+03,4.748431396484375000e+02,1.584962036132812500e+03
8.656000000000000000e+03,4.910220642089843750e+02,7.213870849609375000e+02
8.657000000000000000e+03,5.114154663085937500e+02,8.197979736328125000e+02
8.658000000000000000e+03,4.748408813476562500e+02,8.413829956054687500e+02
8.659000000000000000e+03,5.276213378906250000e+02,1.411374877929687500e+03
8.660000000000000000e+03,5.568037719726562500e+02,1.321652099609375000e+03
8.661000000000000000e+03,5.226763305664062500e+02,7.252977905273437500e+02
8.662000000000000000e+03,5.261712646484375000e+02,8.008454589843750000e+02
8.663000000000000000e+03,4.668862609863281250e+02,9.120838623046875000e+02
8.664000000000000000e+03,5.403922119140625000e+02,7.305148315429687500e+02
8.665000000000000000e+03,4.863434143066406250e+02,7.459927978515625000e+02
8.666000000000000000e+03,4.696311035156250000e+02,9.911252441406250000e+02
8.667000000000000000e+03,5.249823608398437500e+02,7.426887207031250000e+02
8.668000000000000000e+03,4.977028503417968750e+02,9.897783203125000000e+02
8.669000000000000000e+03,5.268540039062500000e+02,7.323493652343750000e+02
8.670000000000000000e+03,4.788405761718750000e+02,9.548724975585937500e+02
8.671000000000000000e+03,4.949566955566406250e+02,1.695367065429687500e+03
8.672000000000000000e+03,5.453814697265625000e+02,7.375974121093750000e+02
8.673000000000000000e+03,4.833836669921875000e+02,9.928480834960937500e+02
8.674000000000000000e+03,4.708467407226562500e+02,8.209000854492187500e+02
8.675000000000000000e+03,5.508279418945312500e+02,7.972831420898437500e+02
8.676000000000000000e+03,4.920436401367187500e+02,9.275839233398437500e+02
8.677000000000000000e+03,5.321536254882812500e+02,1.515816650390625000e+03
8.678000000000000000e+03,5.121763916015625000e+02,7.283571777343750000e+02
8.679000000000000000e+03,5.223827514648437500e+02,8.381947631835937500e+02
8.680000000000000000e+03,5.047105407714843750e+02,8.722640380859375000e+02
8.681000000000000000e+03,5.018751220703125000e+02,1.119631591796875000e+03
8.682000000000000000e+03,5.469141845703125000e+02,7.278657836914062500e+02
8.683000000000000000e+03,4.709813537597656250e+02,9.748055419921875000e+02
8.684000000000000000e+03,5.277118530273437500e+02,7.986250000000000000e+02
8.685000000000000000e+03,5.509865112304687500e+02,7.688543701171875000e+02
8.686000000000000000e+03,5.107695617675781250e+02,1.197211059570312500e+03
8.687000000000000000e+03,5.345369262695312500e+02,7.350131225585937500e+02
8.688000000000000000e+03,5.180469970703125000e+02,7.685322875976562500e+02
8.689000000000000000e+03,5.023084411621093750e+02,7.342343139648437500e+02
8.690000000000000000e+03,5.062462463378906250e+02,7.746353149414062500e+02
8.691000000000000000e+03,5.052800598144531250e+02,1.232335693359375000e+03
8.692000000000000000e+03,5.330408325195312500e+02,7.423680419921875000e+02
8.693000000000000000e+03,4.851997070312500000e+02,8.406661376953125000e+02
8.694000000000000000e+03,5.095817565917968750e+02,7.277359008789062500e+02
8.695000000000000000e+03,4.644309387207031250e+02,7.642311401367187500e+02
8.696000000000000000e+03,4.867008972167968750e+02,7.399324951171875000e+02
8.697000000000000000e+03,4.735312805175781250e+02,8.070084838867187500e+02
8.698000000000000000e+03,5.112603454589843750e+02,7.850240478515625000e+02
8.699000000000000000e+03,5.064290466308593750e+02,9.660216064453125000e+02
8.700000000000000000e+03,5.412173461914062500e+02,8.033569335937500000e+02
8.701000000000000000e+03,5.402098999023437500e+02,8.660401000976562500e+02
8.702000000000000000e+03,4.892464294433593750e+02,8.194169921875000000e+02
8.703000000000000000e+03,4.900603027343750000e+02,7.404058837890625000e+02
8.704000000000000000e+03,5.012323608398437500e+02,1.304726074218750000e+03
8.705000000000000000e+03,4.949050598144531250e+02,7.516060180664062500e+02
8.706000000000000000e+03,5.257514038085937500e+02,1.353286132812500000e+03
8.707000000000000000e+03,4.835923461914062500e+02,7.504358520507812500e+02
8.708000000000000000e+03,5.037863159179687500e+02,9.379040527343750000e+02
8.709000000000000000e+03,5.246301879882812500e+02,8.867045288085937500e+02
8.710000000000000000e+03,4.645886840820312500e+02,1.802213134765625000e+03
8.711000000000000000e+03,5.457710571289062500e+02,9.988392944335937500e+02
8.712000000000000000e+03,4.877865600585937500e+02,8.419286499023437500e+02
8.713000000000000000e+03,5.081582336425781250e+02,7.275026855468750000e+02
8.714000000000000000e+03,5.095849304199218750e+02,7.704035644531250000e+02
8.715000000000000000e+03,5.495372924804687500e+02,7.921815185546875000e+02
8.716000000000000000e+03,4.987214050292968750e+02,1.123518798828125000e+03
8.717000000000000000e+03,5.463645629882812500e+02,7.358001708984375000e+02
8.718000000000000000e+03,4.886580810546875000e+02,1.024047119140625000e+03
8.719000000000000000e+03,5.592169189453125000e+02,7.464973754882812500e+02
8.720000000000000000e+03,4.952592163085937500e+02,7.335744018554687500e+02
8.721000000000000000e+03,4.729133605957031250e+02,1.407393798828125000e+03
8.722000000000000000e+03,5.575336914062500000e+02,7.704812622070312500e+02
8.723000000000000000e+03,5.023710327148437500e+02,1.056577392578125000e+03
8.724000000000000000e+03,4.868828125000000000e+02,9.190056152343750000e+02
8.725000000000000000e+03,4.992520141601562500e+02,7.376087036132812500e+02
8.726000000000000000e+03,4.829738159179687500e+02,9.500937500000000000e+02
8.727000000000000000e+03,5.078862304687500000e+02,1.597036865234375000e+03
8.728000000000000000e+03,5.216643676757812500e+02,7.899915771484375000e+02
8.729000000000000000e+03,4.834847106933593750e+02,7.795769042968750000e+02
8.730000000000000000e+03,5.074420776367187500e+02,8.242658081054687500e+02
8.731000000000000000e+03,4.708490600585937500e+02,7.912865600585937500e+02
8.732000000000000000e+03,5.175053710937500000e+02,2.515436523437500000e+03
8.733000000000000000e+03,5.525118408203125000e+02,8.740378417968750000e+02
8.734000000000000000e+03,5.328244628906250000e+02,8.839606933593750000e+02
8.735000000000000000e+03,5.219125366210937500e+02,7.306753540039062500e+02
8.736000000000000000e+03,5.182915039062500000e+02,1.004734375000000000e+03
8.737000000000000000e+03,4.800540161132812500e+02,8.652609252929687500e+02
8.738000000000000000e+03,4.610081787109375000e+02,8.575003662109375000e+02
8.739000000000000000e+03,4.921262512207031250e+02,7.317540893554687500e+02
8.740000000000000000e+03,4.861663818359375000e+02,1.315130126953125000e+03
8.741000000000000000e+03,5.277875976562500000e+02,7.359362792968750000e+02
8.742000000000000000e+03,4.666322937011718750e+02,7.656068725585937500e+02
8.743000000000000000e+03,4.999062194824218750e+02,2.106766601562500000e+03
8.744000000000000000e+03,4.905035095214843750e+02,1.130604980468750000e+03
8.745000000000000000e+03,4.790072631835937500e+02,8.235415039062500000e+02
8.746000000000000000e+03,4.983111267089843750e+02,7.911727294921875000e+02
8.747000000000000000e+03,4.730039672851562500e+02,7.268739013671875000e+02
8.748000000000000000e+03,4.402591857910156250e+02,1.326013671875000000e+03
8.749000000000000000e+03,5.596242065429687500e+02,7.249678955078125000e+02
8.750000000000000000e+03,4.984384155273437500e+02,7.318035888671875000e+02
8.751000000000000000e+03,5.367972412109375000e+02,9.188554687500000000e+02
8.752000000000000000e+03,5.082341613769531250e+02,8.481848144531250000e+02
8.753000000000000000e+03,5.162573852539062500e+02,1.016655151367187500e+03
8.754000000000000000e+03,5.057230224609375000e+02,7.243363037109375000e+02
8.755000000000000000e+03,5.023609313964843750e+02,1.029143676757812500e+03
8.756000000000000000e+03,4.989636230468750000e+02,7.231512451171875000e+02
8.757000000000000000e+03,5.158176269531250000e+02,2.054071044921875000e+03
8.758000000000000000e+03,5.354689941406250000e+02,1.292655761718750000e+03
8.759000000000000000e+03,5.305136108398437500e+02,8.588904418945312500e+02
8.760000000000000000e+03,4.918046875000000000e+02,7.338437500000000000e+02
8.761000000000000000e+03,5.242665405273437500e+02,1.118732055664062500e+03
8.762000000000000000e+03,5.328516235351562500e+02,7.431029663085937500e+02
8.763000000000000000e+03,5.736221923828125000e+02,7.658852539062500000e+02
8.764000000000000000e+03,5.441383056640625000e+02,8.708331298828125000e+02
8.765000000000000000e+03,5.107225341796875000e+02,7.987559204101562500e+02
8.766000000000000000e+03,5.050905761718750000e+02,7.965003662109375000e+02
8.767000000000000000e+03,4.891718139648437500e+02,7.901264648437500000e+02
8.768000000000000000e+03,4.256367492675781250e+02,7.848409423828125000e+02
8.769000000000000000e+03,4.769571838378906250e+02,7.264354858398437500e+02
8.770000000000000000e+03,5.030129089355468750e+02,1.157577880859375000e+03
8.771000000000000000e+03,5.057209167480468750e+02,7.304811401367187500e+02
8.772000000000000000e+03,5.335788574218750000e+02,7.410495605468750000e+02
8.773000000000000000e+03,4.945813598632812500e+02,1.289557495117187500e+03
8.774000000000000000e+03,5.352419433593750000e+02,8.341868896484375000e+02
8.775000000000000000e+03,5.184846191406250000e+02,7.275524291992187500e+02
8.776000000000000000e+03,4.567982482910156250e+02,7.280919189453125000e+02
8.777000000000000000e+03,5.229484863281250000e+02,7.523803710937500000e+02
8.778000000000000000e+03,4.914565429687500000e+02,7.908624267578125000e+02
8.779000000000000000e+03,4.569011840820312500e+02,8.185067138671875000e+02
8.780000000000000000e+03,5.022600097656250000e+02,1.105518676757812500e+03
8.781000000000000000e+03,5.139792480468750000e+02,8.949183349609375000e+02
8.782000000000000000e+03,4.806874389648437500e+02,7.473279418945312500e+02
8.783000000000000000e+03,4.478249206542968750e+02,8.776510620117187500e+02
8.784000000000000000e+03,5.088515014648437500e+02,7.460523681640625000e+02
8.785000000000000000e+03,5.213707885742187500e+02,7.867717895507812500e+02
8.786000000000000000e+03,4.698394470214843750e+02,9.230334472656250000e+02
8.787000000000000000e+03,5.265844726562500000e+02,1.080419189453125000e+03
8.788000000000000000e+03,5.069619445800781250e+02,7.257484130859375000e+02
8.789000000000000000e+03,4.916657104492187500e+02,7.491535644531250000e+02
8.790000000000000000e+03,5.247337646484375000e+02,1.087259765625000000e+03
8.791000000000000000e+03,5.023819580078125000e+02,9.409183959960937500e+02
8.792000000000000000e+03,5.269377441406250000e+02,7.354833374023437500e+02
8.793000000000000000e+03,5.332191162109375000e+02,7.377753295898437500e+02
8.794000000000000000e+03,5.067187805175781250e+02,9.596920166015625000e+02
8.795000000000000000e+03,5.298824462890625000e+02,7.457691650390625000e+02
8.796000000000000000e+03,4.854028625488281250e+02,1.074348388671875000e+03
8.797000000000000000e+03,5.080906982421875000e+02,7.471807861328125000e+02
8.798000000000000000e+03,5.004064636230468750e+02,7.802706298828125000e+02
8.799000000000000000e+03,4.657810668945312500e+02,8.237493896484375000e+02
8.800000000000000000e+03,4.959609069824218750e+02,1.082974487304687500e+03
8.801000000000000000e+03,5.594893188476562500e+02,1.251282348632812500e+03
8.802000000000000000e+03,5.325460815429687500e+02,7.265859985351562500e+02
8.803000000000000000e+03,5.150578613281250000e+02,7.468999023437500000e+02
8.804000000000000000e+03,5.029681091308593750e+02,8.631328735351562500e+02
8.805000000000000000e+03,4.666483764648437500e+02,7.806351318359375000e+02
8.806000000000000000e+03,5.365635986328125000e+02,1.900272216796875000e+03
8.807000000000000000e+03,4.825329284667968750e+02,1.001947631835937500e+03
8.808000000000000000e+03,5.496072998046875000e+02,7.605874023437500000e+02
8.809000000000000000e+03,4.976963195800781250e+02,8.387459106445312500e+02
8.810000000000000000e+03,4.936907043457031250e+02,7.218621826171875000e+02
8.811000000000000000e+03,5.476876831054687500e+02,8.840562744140625000e+02
8.812000000000000000e+03,4.949842529296875000e+02,8.822814941406250000e+02
8.813000000000000000e+03,5.224088745117187500e+02,1.232909179687500000e+03
8.814000000000000000e+03,5.154356079101562500e+02,7.245501098632812500e+02
8.815000000000000000e+03,4.957102050781250000e+02,8.208444213867187500e+02
8.816000000000000000e+03,5.352634887695312500e+02,9.922535400390625000e+02
8.817000000000000000e+03,5.094839782714843750e+02,7.475544433593750000e+02
8.818000000000000000e+03,5.458233032226562500e+02,7.289549560546875000e+02
8.819000000000000000e+03,5.203504638671875000e+02,7.264896240234375000e+02
8.820000000000000000e+03,5.114878845214843750e+02,2.615961425781250000e+03
8.821000000000000000e+03,5.564076538085937500e+02,7.338139038085937500e+02
8.822000000000000000e+03,5.364758300781250000e+02,7.801439208984375000e+02
8.823000000000000000e+03,5.113383483886718750e+02,7.285787963867187500e+02
8.824000000000000000e+03,5.187009277343750000e+02,7.567461547851562500e+02
8.825000000000000000e+03,5.114614257812500000e+02,1.696038940429687500e+03
8.826000000000000000e+03,4.961854858398437500e+02,7.340244750976562500e+02
8.827000000000000000e+03,4.894614257812500000e+02,9.166834106445312500e+02
8.828000000000000000e+03,4.870764770507812500e+02,7.579459228515625000e+02
8.829000000000000000e+03,5.221490478515625000e+02,8.516832275390625000e+02
8.830000000000000000e+03,4.698390197753906250e+02,1.644083496093750000e+03
8.831000000000000000e+03,4.863339538574218750e+02,7.509927368164062500e+02
8.832000000000000000e+03,4.877510681152343750e+02,8.351157836914062500e+02
8.833000000000000000e+03,4.896902160644531250e+02,1.081619995117187500e+03
8.834000000000000000e+03,4.397420349121093750e+02,7.853388061523437500e+02
8.835000000000000000e+03,5.186687622070312500e+02,1.022895629882812500e+03
8.836000000000000000e+03,4.923939819335937500e+02,8.006517944335937500e+02
8.837000000000000000e+03,5.375054931640625000e+02,1.657647583007812500e+03
8.838000000000000000e+03,4.955382080078125000e+02,1.211447631835937500e+03
8.839000000000000000e+03,5.676759033203125000e+02,8.486104125976562500e+02
8.840000000000000000e+03,5.624052124023437500e+02,7.280487670898437500e+02
8.841000000000000000e+03,4.971625061035156250e+02,2.283757568359375000e+03
8.842000000000000000e+03,5.195637207031250000e+02,9.585466918945312500e+02
8.843000000000000000e+03,4.906224060058593750e+02,7.270068969726562500e+02
8.844000000000000000e+03,5.297180175781250000e+02,7.718487548828125000e+02
8.845000000000000000e+03,5.162225341796875000e+02,7.619292602539062500e+02
8.846000000000000000e+03,5.528220214843750000e+02,7.272149658203125000e+02
8.847000000000000000e+03,5.508928833007812500e+02,7.467547607421875000e+02
8.848000000000000000e+03,5.219749755859375000e+02,8.309410400390625000e+02
8.849000000000000000e+03,5.135903930664062500e+02,7.379430541992187500e+02
8.850000000000000000e+03,4.530621337890625000e+02,7.325556640625000000e+02
8.851000000000000000e+03,5.215354003906250000e+02,8.414295043945312500e+02
8.852000000000000000e+03,4.865453796386718750e+02,7.259157714843750000e+02
8.853000000000000000e+03,5.106244506835937500e+02,2.585818847656250000e+03
8.854000000000000000e+03,4.947171630859375000e+02,7.519954833984375000e+02
8.855000000000000000e+03,4.938740234375000000e+02,7.277022705078125000e+02
8.856000000000000000e+03,5.128473510742187500e+02,8.013637084960937500e+02
8.857000000000000000e+03,5.047661132812500000e+02,8.962467041015625000e+02
8.858000000000000000e+03,5.275020141601562500e+02,7.921145629882812500e+02
8.859000000000000000e+03,5.016141357421875000e+02,7.947180786132812500e+02
8.860000000000000000e+03,5.226054687500000000e+02,7.288422851562500000e+02
8.861000000000000000e+03,4.704348449707031250e+02,8.255269165039062500e+02
8.862000000000000000e+03,5.191806640625000000e+02,7.289577026367187500e+02
8.863000000000000000e+03,5.356708374023437500e+02,8.774268798828125000e+02
8.864000000000000000e+03,5.463791503906250000e+02,1.421325317382812500e+03
8.865000000000000000e+03,5.575552368164062500e+02,7.282489624023437500e+02
8.866000000000000000e+03,5.088757934570312500e+02,1.041888916015625000e+03
8.867000000000000000e+03,4.799635925292968750e+02,9.665051269531250000e+02
8.868000000000000000e+03,5.336283569335937500e+02,7.820897827148437500e+02
8.869000000000000000e+03,5.183511352539062500e+02,7.852781982421875000e+02
8.870000000000000000e+03,4.830592346191406250e+02,9.743587646484375000e+02
8.871000000000000000e+03,5.425315551757812500e+02,7.664859619140625000e+02
8.872000000000000000e+03,4.918915100097656250e+02,1.121123535156250000e+03
8.873000000000000000e+03,5.077968750000000000e+02,8.351667480468750000e+02
8.874000000000000000e+03,5.088232421875000000e+02,7.297753295898437500e+02
8.875000000000000000e+03,5.053623657226562500e+02,7.500302124023437500e+02
8.876000000000000000e+03,5.219293212890625000e+02,1.320044189453125000e+03
8.877000000000000000e+03,4.838309020996093750e+02,9.134309692382812500e+02
8.878000000000000000e+03,4.822648925781250000e+02,8.282455444335937500e+02
8.879000000000000000e+03,5.079348144531250000e+02,1.518410766601562500e+03
8.880000000000000000e+03,4.776789550781250000e+02,7.295771484375000000e+02
8.881000000000000000e+03,5.192653808593750000e+02,7.799976806640625000e+02
8.882000000000000000e+03,4.655113525390625000e+02,8.235446777343750000e+02
8.883000000000000000e+03,5.149129638671875000e+02,7.337177734375000000e+02
8.884000000000000000e+03,5.086985778808593750e+02,7.310499877929687500e+02
8.885000000000000000e+03,5.409517822265625000e+02,7.272183837890625000e+02
8.886000000000000000e+03,5.375927124023437500e+02,7.359377441406250000e+02
8.887000000000000000e+03,4.690115966796875000e+02,8.233937377929687500e+02
8.888000000000000000e+03,5.469620361328125000e+02,7.438651733398437500e+02
8.889000000000000000e+03,5.034458312988281250e+02,7.267899169921875000e+02
8.890000000000000000e+03,5.352275390625000000e+02,9.331513061523437500e+02
8.891000000000000000e+03,4.918211059570312500e+02,7.435097045898437500e+02
8.892000000000000000e+03,4.703512268066406250e+02,7.297483520507812500e+02
8.893000000000000000e+03,4.936916809082031250e+02,8.404654541015625000e+02
8.894000000000000000e+03,4.988316650390625000e+02,9.528122558593750000e+02
8.895000000000000000e+03,5.188522338867187500e+02,7.566720581054687500e+02
8.896000000000000000e+03,4.588012695312500000e+02,7.492244873046875000e+02
8.897000000000000000e+03,4.981395874023437500e+02,7.308875122070312500e+02
8.898000000000000000e+03,4.615888061523437500e+02,9.467641601562500000e+02
8.899000000000000000e+03,4.446766967773437500e+02,8.335307006835937500e+02
8.900000000000000000e+03,5.327946777343750000e+02,7.306182250976562500e+02
8.901000000000000000e+03,5.079753417968750000e+02,7.393244628906250000e+02
8.902000000000000000e+03,5.237432861328125000e+02,7.222059326171875000e+02
8.903000000000000000e+03,5.264376831054687500e+02,7.279753417968750000e+02
8.904000000000000000e+03,5.440341186523437500e+02,7.239484252929687500e+02
8.905000000000000000e+03,5.460302734375000000e+02,7.557822265625000000e+02
8.906000000000000000e+03,5.185299682617187500e+02,7.300369873046875000e+02
8.907000000000000000e+03,5.417833251953125000e+02,7.246264038085937500e+02
8.908000000000000000e+03,5.040689086914062500e+02,1.034243774414062500e+03
8.909000000000000000e+03,5.545598754882812500e+02,7.985722045898437500e+02
8.910000000000000000e+03,4.891612243652343750e+02,7.347963256835937500e+02
8.911000000000000000e+03,4.729706115722656250e+02,8.205327148437500000e+02
8.912000000000000000e+03,5.409627685546875000e+02,7.255102539062500000e+02
8.913000000000000000e+03,5.160576171875000000e+02,8.075438232421875000e+02
8.914000000000000000e+03,5.191865844726562500e+02,8.412760620117187500e+02
8.915000000000000000e+03,4.902190246582031250e+02,7.357807006835937500e+02
8.916000000000000000e+03,5.358382568359375000e+02,8.755416870117187500e+02
8.917000000000000000e+03,5.407826538085937500e+02,1.093950561523437500e+03
8.918000000000000000e+03,5.342743530273437500e+02,7.310554809570312500e+02
8.919000000000000000e+03,4.677194213867187500e+02,7.936611938476562500e+02
8.920000000000000000e+03,4.941154479980468750e+02,7.268081054687500000e+02
8.921000000000000000e+03,4.763081359863281250e+02,7.313250732421875000e+02
8.922000000000000000e+03,4.646225585937500000e+02,1.100405151367187500e+03
8.923000000000000000e+03,5.039608764648437500e+02,7.228209838867187500e+02
8.924000000000000000e+03,4.920414428710937500e+02,7.270571899414062500e+02
8.925000000000000000e+03,4.707276306152343750e+02,8.816588745117187500e+02
8.926000000000000000e+03,4.665041198730468750e+02,9.020205078125000000e+02
8.927000000000000000e+03,4.830563659667968750e+02,8.057576293945312500e+02
8.928000000000000000e+03,4.726094970703125000e+02,1.390857543945312500e+03
8.929000000000000000e+03,4.759415283203125000e+02,1.178105346679687500e+03
8.930000000000000000e+03,5.164901123046875000e+02,9.390531005859375000e+02
8.931000000000000000e+03,5.197804565429687500e+02,7.303317871093750000e+02
8.932000000000000000e+03,5.066172180175781250e+02,8.648352661132812500e+02
8.933000000000000000e+03,5.432661743164062500e+02,7.233504638671875000e+02
8.934000000000000000e+03,5.192551879882812500e+02,9.417379150390625000e+02
8.935000000000000000e+03,4.888626708984375000e+02,7.246728515625000000e+02
8.936000000000000000e+03,5.086856689453125000e+02,7.261327514648437500e+02
8.937000000000000000e+03,5.204555664062500000e+02,7.626817626953125000e+02
8.938000000000000000e+03,4.635954284667968750e+02,7.310217285156250000e+02
8.939000000000000000e+03,4.875727233886718750e+02,7.571922607421875000e+02
8.940000000000000000e+03,4.973265380859375000e+02,8.709948120117187500e+02
8.941000000000000000e+03,5.206196899414062500e+02,8.163695068359375000e+02
8.942000000000000000e+03,5.172952270507812500e+02,7.412423706054687500e+02
8.943000000000000000e+03,5.404230346679687500e+02,8.139979858398437500e+02
8.944000000000000000e+03,4.948672180175781250e+02,7.246255493164062500e+02
8.945000000000000000e+03,4.606730041503906250e+02,7.266003417968750000e+02
8.946000000000000000e+03,4.775378723144531250e+02,8.805146484375000000e+02
8.947000000000000000e+03,5.051206054687500000e+02,8.643392333984375000e+02
8.948000000000000000e+03,4.960078735351562500e+02,7.839356689453125000e+02
8.949000000000000000e+03,5.086444091796875000e+02,7.400473022460937500e+02
8.950000000000000000e+03,5.167971191406250000e+02,7.538515625000000000e+02
8.951000000000000000e+03,5.067844543457031250e+02,7.581875610351562500e+02
8.952000000000000000e+03,5.003667907714843750e+02,1.142324829101562500e+03
8.953000000000000000e+03,4.777242431640625000e+02,8.156764526367187500e+02
8.954000000000000000e+03,5.241088867187500000e+02,7.838077392578125000e+02
8.955000000000000000e+03,5.083813476562500000e+02,8.378328857421875000e+02
8.956000000000000000e+03,5.083479919433593750e+02,7.303337402343750000e+02
8.957000000000000000e+03,5.155670776367187500e+02,1.046740600585937500e+03
8.958000000000000000e+03,4.616004943847656250e+02,9.293878173828125000e+02
8.959000000000000000e+03,4.967154846191406250e+02,7.862350463867187500e+02
8.960000000000000000e+03,5.076161499023437500e+02,1.209285034179687500e+03
8.961000000000000000e+03,4.588397216796875000e+02,8.668063964843750000e+02
8.962000000000000000e+03,5.218217773437500000e+02,8.816635131835937500e+02
8.963000000000000000e+03,5.103201293945312500e+02,1.098292968750000000e+03
8.964000000000000000e+03,4.748422241210937500e+02,7.450456542968750000e+02
8.965000000000000000e+03,5.286521606445312500e+02,7.232371826171875000e+02
8.966000000000000000e+03,4.925728759765625000e+02,7.903804931640625000e+02
8.967000000000000000e+03,5.218991699218750000e+02,7.953576660156250000e+02
8.968000000000000000e+03,5.899025878906250000e+02,7.323190917968750000e+02
8.969000000000000000e+03,4.835019226074218750e+02,9.819794921875000000e+02
8.970000000000000000e+03,5.272407226562500000e+02,1.024270507812500000e+03
8.971000000000000000e+03,4.885133666992187500e+02,1.420671875000000000e+03
8.972000000000000000e+03,5.505904541015625000e+02,8.396561889648437500e+02
8.973000000000000000e+03,5.213214111328125000e+02,7.547668457031250000e+02
8.974000000000000000e+03,4.603504943847656250e+02,7.193174438476562500e+02
8.975000000000000000e+03,5.802399902343750000e+02,7.952140502929687500e+02
8.976000000000000000e+03,4.858138732910156250e+02,8.629101562500000000e+02
8.977000000000000000e+03,5.003857421875000000e+02,7.241130981445312500e+02
8.978000000000000000e+03,4.722253112792968750e+02,7.610446166992187500e+02
8.979000000000000000e+03,5.515099487304687500e+02,8.693791503906250000e+02
8.980000000000000000e+03,4.905418090820312500e+02,7.646420898437500000e+02
8.981000000000000000e+03,5.135997924804687500e+02,1.129383300781250000e+03
8.982000000000000000e+03,5.040552368164062500e+02,7.244183959960937500e+02
8.983000000000000000e+03,5.162204589843750000e+02,1.021822814941406250e+03
8.984000000000000000e+03,4.775689697265625000e+02,7.234818725585937500e+02
8.985000000000000000e+03,4.810273437500000000e+02,9.805902709960937500e+02
8.986000000000000000e+03,5.095943603515625000e+02,1.359061767578125000e+03
8.987000000000000000e+03,4.599405822753906250e+02,8.694426879882812500e+02
8.988000000000000000e+03,5.214074707031250000e+02,1.105507324218750000e+03
8.989000000000000000e+03,4.739236755371093750e+02,1.232297119140625000e+03
8.990000000000000000e+03,5.298132324218750000e+02,7.860334472656250000e+02
8.991000000000000000e+03,5.412046508789062500e+02,7.423811645507812500e+02
8.992000000000000000e+03,4.899006958007812500e+02,1.054370849609375000e+03
8.993000000000000000e+03,5.424802246093750000e+02,7.894325561523437500e+02
8.994000000000000000e+03,5.236354980468750000e+02,9.691402587890625000e+02
8.995000000000000000e+03,5.236428833007812500e+02,8.227520751953125000e+02
8.996000000000000000e+03,4.959913635253906250e+02,7.739371337890625000e+02
8.997000000000000000e+03,5.007055358886718750e+02,7.432824707031250000e+02
8.998000000000000000e+03,5.090140991210937500e+02,1.086420654296875000e+03
8.999000000000000000e+03,5.099827880859375000e+02,7.353450317382812500e+02
9.000000000000000000e+03,4.485555419921875000e+02,1.775817016601562500e+03
9.001000000000000000e+03,5.004451599121093750e+02,7.329925537109375000e+02
9.002000000000000000e+03,5.075789794921875000e+02,7.801387939453125000e+02
9.003000000000000000e+03,5.021197509765625000e+02,7.683894042968750000e+02
9.004000000000000000e+03,5.061924133300781250e+02,7.363416748046875000e+02
9.005000000000000000e+03,5.260895385742187500e+02,7.308119506835937500e+02
9.006000000000000000e+03,4.466688232421875000e+02,8.766141357421875000e+02
9.007000000000000000e+03,5.009829711914062500e+02,7.585352172851562500e+02
9.008000000000000000e+03,4.835256958007812500e+02,7.721657104492187500e+02
9.009000000000000000e+03,4.983695068359375000e+02,1.510320312500000000e+03
9.010000000000000000e+03,4.821963500976562500e+02,7.505623168945312500e+02
9.011000000000000000e+03,4.699109497070312500e+02,9.010399169921875000e+02
9.012000000000000000e+03,4.567932434082031250e+02,8.066641235351562500e+02
9.013000000000000000e+03,5.105516967773437500e+02,7.258063964843750000e+02
9.014000000000000000e+03,4.939266662597656250e+02,7.237999267578125000e+02
9.015000000000000000e+03,5.402193603515625000e+02,7.379310913085937500e+02
9.016000000000000000e+03,5.245070800781250000e+02,8.259198608398437500e+02
9.017000000000000000e+03,4.795780639648437500e+02,7.238185424804687500e+02
9.018000000000000000e+03,4.874014587402343750e+02,7.327929687500000000e+02
9.019000000000000000e+03,4.946668090820312500e+02,1.007708435058593750e+03
9.020000000000000000e+03,4.515363464355468750e+02,8.809857788085937500e+02
9.021000000000000000e+03,5.000382080078125000e+02,7.235609130859375000e+02
9.022000000000000000e+03,4.951976318359375000e+02,1.973102661132812500e+03
9.023000000000000000e+03,5.394417724609375000e+02,1.239670288085937500e+03
9.024000000000000000e+03,5.041191711425781250e+02,1.217628417968750000e+03
9.025000000000000000e+03,5.120128173828125000e+02,8.331171875000000000e+02
9.026000000000000000e+03,5.226558837890625000e+02,7.223924560546875000e+02
9.027000000000000000e+03,5.149698486328125000e+02,7.946909790039062500e+02
9.028000000000000000e+03,4.691528320312500000e+02,9.689807128906250000e+02
9.029000000000000000e+03,5.087092285156250000e+02,9.572257690429687500e+02
9.030000000000000000e+03,5.560307006835937500e+02,7.311311645507812500e+02
9.031000000000000000e+03,5.007832336425781250e+02,7.396370849609375000e+02
9.032000000000000000e+03,4.543909912109375000e+02,7.231866455078125000e+02
9.033000000000000000e+03,5.631201171875000000e+02,9.248067016601562500e+02
9.034000000000000000e+03,5.297473144531250000e+02,7.323306274414062500e+02
9.035000000000000000e+03,5.011724853515625000e+02,1.130325317382812500e+03
9.036000000000000000e+03,5.360469360351562500e+02,7.508236083984375000e+02
9.037000000000000000e+03,5.402638549804687500e+02,8.946959228515625000e+02
9.038000000000000000e+03,4.828965454101562500e+02,7.241795043945312500e+02
9.039000000000000000e+03,4.662476806640625000e+02,7.389763793945312500e+02
9.040000000000000000e+03,4.821945190429687500e+02,7.248729858398437500e+02
9.041000000000000000e+03,5.025000000000000000e+02,7.653607788085937500e+02
9.042000000000000000e+03,4.749587097167968750e+02,7.322808227539062500e+02
9.043000000000000000e+03,5.079322204589843750e+02,1.564501342773437500e+03
9.044000000000000000e+03,5.216126708984375000e+02,7.352545776367187500e+02
9.045000000000000000e+03,5.214931640625000000e+02,2.121127685546875000e+03
9.046000000000000000e+03,5.111343994140625000e+02,7.232213745117187500e+02
9.047000000000000000e+03,5.225512084960937500e+02,7.342514038085937500e+02
9.048000000000000000e+03,4.808449707031250000e+02,8.842117309570312500e+02
9.049000000000000000e+03,5.007881469726562500e+02,7.253406372070312500e+02
9.050000000000000000e+03,4.932275390625000000e+02,1.405293945312500000e+03
9.051000000000000000e+03,5.127283935546875000e+02,7.462780151367187500e+02
9.052000000000000000e+03,4.935737609863281250e+02,1.449579833984375000e+03
9.053000000000000000e+03,5.210960693359375000e+02,7.354365234375000000e+02
9.054000000000000000e+03,4.734751892089843750e+02,8.548326416015625000e+02
9.055000000000000000e+03,5.291421508789062500e+02,1.341250366210937500e+03
9.056000000000000000e+03,4.857369689941406250e+02,8.707034912109375000e+02
9.057000000000000000e+03,5.201562500000000000e+02,1.003121643066406250e+03
9.058000000000000000e+03,4.972327880859375000e+02,8.822015380859375000e+02
9.059000000000000000e+03,5.008838500976562500e+02,1.068176635742187500e+03
9.060000000000000000e+03,5.488814697265625000e+02,8.905465087890625000e+02
9.061000000000000000e+03,5.278074951171875000e+02,9.125820922851562500e+02
9.062000000000000000e+03,4.798828430175781250e+02,7.637517089843750000e+02
9.063000000000000000e+03,5.297426147460937500e+02,7.902214355468750000e+02
9.064000000000000000e+03,5.021170654296875000e+02,8.304396972656250000e+02
9.065000000000000000e+03,5.109624023437500000e+02,1.395821044921875000e+03
9.066000000000000000e+03,5.062977294921875000e+02,8.628365478515625000e+02
9.067000000000000000e+03,5.298105468750000000e+02,1.229775390625000000e+03
9.068000000000000000e+03,5.015990600585937500e+02,1.077835449218750000e+03
9.069000000000000000e+03,5.043381958007812500e+02,8.255896606445312500e+02
9.070000000000000000e+03,4.922954101562500000e+02,7.586458129882812500e+02
9.071000000000000000e+03,4.961220092773437500e+02,1.284899536132812500e+03
9.072000000000000000e+03,4.939590454101562500e+02,7.563248901367187500e+02
9.073000000000000000e+03,4.594729614257812500e+02,1.006996643066406250e+03
9.074000000000000000e+03,5.253706054687500000e+02,1.472466552734375000e+03
9.075000000000000000e+03,4.940911560058593750e+02,7.281038208007812500e+02
9.076000000000000000e+03,5.064504699707031250e+02,9.317572021484375000e+02
9.077000000000000000e+03,4.611605529785156250e+02,8.642802124023437500e+02
9.078000000000000000e+03,4.836251525878906250e+02,8.649120483398437500e+02
9.079000000000000000e+03,5.347887573242187500e+02,7.761718750000000000e+02
9.080000000000000000e+03,4.724098205566406250e+02,8.353844604492187500e+02
9.081000000000000000e+03,4.902922973632812500e+02,7.861619873046875000e+02
9.082000000000000000e+03,4.964881286621093750e+02,7.227022094726562500e+02
9.083000000000000000e+03,5.086873779296875000e+02,8.203458251953125000e+02
9.084000000000000000e+03,5.064116516113281250e+02,7.248167724609375000e+02
9.085000000000000000e+03,5.336615600585937500e+02,7.432230834960937500e+02
9.086000000000000000e+03,4.547571105957031250e+02,9.098575439453125000e+02
9.087000000000000000e+03,4.860136108398437500e+02,8.368884277343750000e+02
9.088000000000000000e+03,4.711400146484375000e+02,1.053617675781250000e+03
9.089000000000000000e+03,4.890616149902343750e+02,7.705400390625000000e+02
9.090000000000000000e+03,5.049395751953125000e+02,8.484838256835937500e+02
9.091000000000000000e+03,4.879716186523437500e+02,7.285134277343750000e+02
9.092000000000000000e+03,4.952453918457031250e+02,9.310419311523437500e+02
9.093000000000000000e+03,5.074626464843750000e+02,1.346861816406250000e+03
9.094000000000000000e+03,5.029709167480468750e+02,7.317554931640625000e+02
9.095000000000000000e+03,5.452473144531250000e+02,7.332089233398437500e+02
9.096000000000000000e+03,4.990495910644531250e+02,7.649591064453125000e+02
9.097000000000000000e+03,5.001443481445312500e+02,8.034962768554687500e+02
9.098000000000000000e+03,4.916307373046875000e+02,1.072065429687500000e+03
9.099000000000000000e+03,4.947281188964843750e+02,7.294500732421875000e+02
9.100000000000000000e+03,5.416381835937500000e+02,7.285579833984375000e+02
9.101000000000000000e+03,5.160441284179687500e+02,1.126883666992187500e+03
9.102000000000000000e+03,5.248521728515625000e+02,7.314704589843750000e+02
9.103000000000000000e+03,5.000370483398437500e+02,1.347777465820312500e+03
9.104000000000000000e+03,4.604787902832031250e+02,8.051432495117187500e+02
9.105000000000000000e+03,5.249002685546875000e+02,7.675962524414062500e+02
9.106000000000000000e+03,4.704837036132812500e+02,8.436954956054687500e+02
9.107000000000000000e+03,5.425014038085937500e+02,7.356172485351562500e+02
9.108000000000000000e+03,4.817237243652343750e+02,8.254156494140625000e+02
9.109000000000000000e+03,5.003522644042968750e+02,8.551480102539062500e+02
9.110000000000000000e+03,4.897950134277343750e+02,8.292572631835937500e+02
9.111000000000000000e+03,5.537869262695312500e+02,7.415164794921875000e+02
9.112000000000000000e+03,5.197706298828125000e+02,7.268412475585937500e+02
9.113000000000000000e+03,5.363965454101562500e+02,8.024840087890625000e+02
9.114000000000000000e+03,5.005299072265625000e+02,7.294277954101562500e+02
9.115000000000000000e+03,4.897542419433593750e+02,1.343494384765625000e+03
9.116000000000000000e+03,5.405203857421875000e+02,8.375953369140625000e+02
9.117000000000000000e+03,4.495773010253906250e+02,8.335650024414062500e+02
9.118000000000000000e+03,4.488286437988281250e+02,7.400096435546875000e+02
9.119000000000000000e+03,5.328063354492187500e+02,7.753324584960937500e+02
9.120000000000000000e+03,4.995901794433593750e+02,8.120446777343750000e+02
9.121000000000000000e+03,4.944795532226562500e+02,1.339994140625000000e+03
9.122000000000000000e+03,4.526947021484375000e+02,7.450357055664062500e+02
9.123000000000000000e+03,5.271956787109375000e+02,7.912287597656250000e+02
9.124000000000000000e+03,4.969108276367187500e+02,7.651135253906250000e+02
9.125000000000000000e+03,4.788950805664062500e+02,1.027757934570312500e+03
9.126000000000000000e+03,5.011694335937500000e+02,7.369559936523437500e+02
9.127000000000000000e+03,5.138748779296875000e+02,1.012817199707031250e+03
9.128000000000000000e+03,5.562308349609375000e+02,7.482479248046875000e+02
9.129000000000000000e+03,4.691637573242187500e+02,9.320986328125000000e+02
9.130000000000000000e+03,5.229485473632812500e+02,7.271013183593750000e+02
9.131000000000000000e+03,5.202750244140625000e+02,7.463502807617187500e+02
9.132000000000000000e+03,4.972593994140625000e+02,1.163801025390625000e+03
9.133000000000000000e+03,4.812804260253906250e+02,7.307517089843750000e+02
9.134000000000000000e+03,5.494426269531250000e+02,7.275814819335937500e+02
9.135000000000000000e+03,4.748118591308593750e+02,9.651834106445312500e+02
9.136000000000000000e+03,5.269708251953125000e+02,7.576534423828125000e+02
9.137000000000000000e+03,4.595661010742187500e+02,7.956818847656250000e+02
9.138000000000000000e+03,5.051596984863281250e+02,9.097318725585937500e+02
9.139000000000000000e+03,5.253922729492187500e+02,7.255170288085937500e+02
9.140000000000000000e+03,4.511693115234375000e+02,8.122197875976562500e+02
9.141000000000000000e+03,4.959586181640625000e+02,7.302243041992187500e+02
9.142000000000000000e+03,4.657228698730468750e+02,1.489830566406250000e+03
9.143000000000000000e+03,5.205443725585937500e+02,1.421271484375000000e+03
9.144000000000000000e+03,5.127960205078125000e+02,7.308690185546875000e+02
9.145000000000000000e+03,5.202669067382812500e+02,1.079538208007812500e+03
9.146000000000000000e+03,4.712817382812500000e+02,8.284977416992187500e+02
9.147000000000000000e+03,5.399462890625000000e+02,7.639426879882812500e+02
9.148000000000000000e+03,5.104952087402343750e+02,9.724669189453125000e+02
9.149000000000000000e+03,4.978143310546875000e+02,7.463795166015625000e+02
9.150000000000000000e+03,4.749060363769531250e+02,1.131127197265625000e+03
9.151000000000000000e+03,4.904303588867187500e+02,7.412219848632812500e+02
9.152000000000000000e+03,4.824772033691406250e+02,9.119118041992187500e+02
9.153000000000000000e+03,5.147915649414062500e+02,7.898632202148437500e+02
9.154000000000000000e+03,4.734702453613281250e+02,7.433013305664062500e+02
9.155000000000000000e+03,5.150076904296875000e+02,7.277991943359375000e+02
9.156000000000000000e+03,4.495162353515625000e+02,7.669923706054687500e+02
9.157000000000000000e+03,5.146570434570312500e+02,8.203809204101562500e+02
9.158000000000000000e+03,4.926984863281250000e+02,7.574284667968750000e+02
9.159000000000000000e+03,5.508043823242187500e+02,7.624895629882812500e+02
9.160000000000000000e+03,5.368910522460937500e+02,8.348850097656250000e+02
9.161000000000000000e+03,5.107077636718750000e+02,8.192333374023437500e+02
9.162000000000000000e+03,4.996618347167968750e+02,7.818811035156250000e+02
9.163000000000000000e+03,4.623067321777343750e+02,1.088750122070312500e+03
9.164000000000000000e+03,5.069816284179687500e+02,1.001752441406250000e+03
9.165000000000000000e+03,5.155281372070312500e+02,1.318176391601562500e+03
9.166000000000000000e+03,4.995719604492187500e+02,7.269003906250000000e+02
9.167000000000000000e+03,4.917370910644531250e+02,1.277389404296875000e+03
9.168000000000000000e+03,5.002675476074218750e+02,1.047665405273437500e+03
9.169000000000000000e+03,4.704762573242187500e+02,1.264998291015625000e+03
9.170000000000000000e+03,4.987425842285156250e+02,1.404052612304687500e+03
9.171000000000000000e+03,5.192236328125000000e+02,8.375007934570312500e+02
9.172000000000000000e+03,5.039184570312500000e+02,9.963203735351562500e+02
9.173000000000000000e+03,5.145076293945312500e+02,7.223822021484375000e+02
9.174000000000000000e+03,4.627284545898437500e+02,7.268089599609375000e+02
9.175000000000000000e+03,5.740667724609375000e+02,8.103486328125000000e+02
9.176000000000000000e+03,5.295092163085937500e+02,7.559160766601562500e+02
9.177000000000000000e+03,4.462470703125000000e+02,7.551753540039062500e+02
9.178000000000000000e+03,5.043770446777343750e+02,1.060458740234375000e+03
9.179000000000000000e+03,4.955846252441406250e+02,7.285267333984375000e+02
9.180000000000000000e+03,5.478443603515625000e+02,7.284981079101562500e+02
9.181000000000000000e+03,4.926135864257812500e+02,7.447883911132812500e+02
9.182000000000000000e+03,5.396784057617187500e+02,9.187197265625000000e+02
9.183000000000000000e+03,5.027401428222656250e+02,7.730175170898437500e+02
9.184000000000000000e+03,4.848880310058593750e+02,8.872921752929687500e+02
9.185000000000000000e+03,5.605366210937500000e+02,7.230161132812500000e+02
9.186000000000000000e+03,5.781958618164062500e+02,8.289420776367187500e+02
9.187000000000000000e+03,4.798924865722656250e+02,8.002163085937500000e+02
9.188000000000000000e+03,5.088989868164062500e+02,1.764202636718750000e+03
9.189000000000000000e+03,4.679841003417968750e+02,7.303484497070312500e+02
9.190000000000000000e+03,5.098417358398437500e+02,9.266085815429687500e+02
9.191000000000000000e+03,4.781755065917968750e+02,7.440736083984375000e+02
9.192000000000000000e+03,4.955569152832031250e+02,1.281859863281250000e+03
9.193000000000000000e+03,5.442760620117187500e+02,9.651328735351562500e+02
9.194000000000000000e+03,5.474795532226562500e+02,7.279147338867187500e+02
9.195000000000000000e+03,4.962952270507812500e+02,7.476241455078125000e+02
9.196000000000000000e+03,5.057726440429687500e+02,8.340864868164062500e+02
9.197000000000000000e+03,5.079735107421875000e+02,7.280147705078125000e+02
9.198000000000000000e+03,4.734635925292968750e+02,8.802526245117187500e+02
9.199000000000000000e+03,5.125881958007812500e+02,7.511778564453125000e+02
9.200000000000000000e+03,4.939433898925781250e+02,8.962860107421875000e+02
9.201000000000000000e+03,5.478356323242187500e+02,7.465376586914062500e+02
9.202000000000000000e+03,4.457161560058593750e+02,9.883453369140625000e+02
9.203000000000000000e+03,5.358482666015625000e+02,7.366427001953125000e+02
9.204000000000000000e+03,4.491713256835937500e+02,7.316707763671875000e+02
9.205000000000000000e+03,5.553836059570312500e+02,7.559197998046875000e+02
9.206000000000000000e+03,5.420457153320312500e+02,7.455953979492187500e+02
9.207000000000000000e+03,4.742362670898437500e+02,7.637056274414062500e+02
9.208000000000000000e+03,4.376425170898437500e+02,8.413771972656250000e+02
9.209000000000000000e+03,4.874184875488281250e+02,7.247506713867187500e+02
9.210000000000000000e+03,5.409114990234375000e+02,7.310153808593750000e+02
9.211000000000000000e+03,5.168918457031250000e+02,1.208333496093750000e+03
9.212000000000000000e+03,5.238814086914062500e+02,7.275152587890625000e+02
9.213000000000000000e+03,4.822360534667968750e+02,7.954750976562500000e+02
9.214000000000000000e+03,5.018837280273437500e+02,7.214282226562500000e+02
9.215000000000000000e+03,4.947380981445312500e+02,8.366272583007812500e+02
9.216000000000000000e+03,4.611890869140625000e+02,1.337312255859375000e+03
9.217000000000000000e+03,5.045234069824218750e+02,1.235532592773437500e+03
9.218000000000000000e+03,4.902956237792968750e+02,1.118703247070312500e+03
9.219000000000000000e+03,4.724870300292968750e+02,1.042168457031250000e+03
9.220000000000000000e+03,5.477719116210937500e+02,1.029956054687500000e+03
9.221000000000000000e+03,5.096960449218750000e+02,7.477300415039062500e+02
9.222000000000000000e+03,5.256735839843750000e+02,9.082043457031250000e+02
9.223000000000000000e+03,5.222608642578125000e+02,7.490123901367187500e+02
9.224000000000000000e+03,5.271571655273437500e+02,7.764104003906250000e+02
9.225000000000000000e+03,5.069524230957031250e+02,7.607653808593750000e+02
9.226000000000000000e+03,5.383989868164062500e+02,7.369111938476562500e+02
9.227000000000000000e+03,5.007288208007812500e+02,7.392617797851562500e+02
9.228000000000000000e+03,5.037705383300781250e+02,1.010174194335937500e+03
9.229000000000000000e+03,4.955537109375000000e+02,7.326046142578125000e+02
9.230000000000000000e+03,4.863877563476562500e+02,9.275708618164062500e+02
9.231000000000000000e+03,5.438839111328125000e+02,8.031071777343750000e+02
9.232000000000000000e+03,4.918428649902343750e+02,7.376910400390625000e+02
9.233000000000000000e+03,5.021185302734375000e+02,8.253268432617187500e+02
9.234000000000000000e+03,4.834880981445312500e+02,7.361143798828125000e+02
9.235000000000000000e+03,4.862929992675781250e+02,8.663316040039062500e+02
9.236000000000000000e+03,4.817248229980468750e+02,9.254775390625000000e+02
9.237000000000000000e+03,5.151472167968750000e+02,7.313209228515625000e+02
9.238000000000000000e+03,5.112682189941406250e+02,9.291323852539062500e+02
9.239000000000000000e+03,5.260948486328125000e+02,8.017244873046875000e+02
9.240000000000000000e+03,5.013236083984375000e+02,9.391624145507812500e+02
9.241000000000000000e+03,4.851338195800781250e+02,7.998041381835937500e+02
9.242000000000000000e+03,4.820422973632812500e+02,9.633021850585937500e+02
9.243000000000000000e+03,4.789787902832031250e+02,1.130257080078125000e+03
9.244000000000000000e+03,4.743804626464843750e+02,7.924492187500000000e+02
9.245000000000000000e+03,5.016040649414062500e+02,7.300986938476562500e+02
9.246000000000000000e+03,5.009492797851562500e+02,7.372473144531250000e+02
9.247000000000000000e+03,5.156582031250000000e+02,1.002785705566406250e+03
9.248000000000000000e+03,5.060820922851562500e+02,8.023081665039062500e+02
9.249000000000000000e+03,5.177714233398437500e+02,7.616295776367187500e+02
9.250000000000000000e+03,5.176213378906250000e+02,7.472474975585937500e+02
9.251000000000000000e+03,5.082358398437500000e+02,8.678228149414062500e+02
9.252000000000000000e+03,4.933560791015625000e+02,7.315565795898437500e+02
9.253000000000000000e+03,5.111846313476562500e+02,7.902921752929687500e+02
9.254000000000000000e+03,4.783461303710937500e+02,9.479522705078125000e+02
9.255000000000000000e+03,5.199102172851562500e+02,7.300205078125000000e+02
9.256000000000000000e+03,5.292420654296875000e+02,9.582015380859375000e+02
9.257000000000000000e+03,5.169167480468750000e+02,9.287609252929687500e+02
9.258000000000000000e+03,4.861792907714843750e+02,7.773837890625000000e+02
9.259000000000000000e+03,4.873404846191406250e+02,8.191381225585937500e+02
9.260000000000000000e+03,4.981044921875000000e+02,1.215298217773437500e+03
9.261000000000000000e+03,5.023821105957031250e+02,7.410065307617187500e+02
9.262000000000000000e+03,4.863476562500000000e+02,8.306035766601562500e+02
9.263000000000000000e+03,5.185107421875000000e+02,7.444432983398437500e+02
9.264000000000000000e+03,4.847796936035156250e+02,1.460302978515625000e+03
9.265000000000000000e+03,4.726601257324218750e+02,7.254783325195312500e+02
9.266000000000000000e+03,5.062848205566406250e+02,7.816970214843750000e+02
9.267000000000000000e+03,4.685280761718750000e+02,7.452751464843750000e+02
9.268000000000000000e+03,5.259668579101562500e+02,7.306334228515625000e+02
9.269000000000000000e+03,5.087683410644531250e+02,9.328811035156250000e+02
9.270000000000000000e+03,5.157728271484375000e+02,7.269011840820312500e+02
9.271000000000000000e+03,5.304019165039062500e+02,8.098967895507812500e+02
9.272000000000000000e+03,5.270458374023437500e+02,8.395028076171875000e+02
9.273000000000000000e+03,4.960729980468750000e+02,7.623451538085937500e+02
9.274000000000000000e+03,4.804823913574218750e+02,7.263729858398437500e+02
9.275000000000000000e+03,4.951581420898437500e+02,7.285334472656250000e+02
9.276000000000000000e+03,4.540000305175781250e+02,1.517065795898437500e+03
9.277000000000000000e+03,4.521015625000000000e+02,7.531154785156250000e+02
9.278000000000000000e+03,4.680177001953125000e+02,7.279810180664062500e+02
9.279000000000000000e+03,5.327592773437500000e+02,7.275570068359375000e+02
9.280000000000000000e+03,5.001791381835937500e+02,7.250801391601562500e+02
9.281000000000000000e+03,5.025030517578125000e+02,8.264989013671875000e+02
9.282000000000000000e+03,5.233098754882812500e+02,7.456475830078125000e+02
9.283000000000000000e+03,5.012925109863281250e+02,8.134364013671875000e+02
9.284000000000000000e+03,5.196804199218750000e+02,8.285658569335937500e+02
9.285000000000000000e+03,4.728478088378906250e+02,7.267121582031250000e+02
9.286000000000000000e+03,4.766839294433593750e+02,8.663106689453125000e+02
9.287000000000000000e+03,5.007529907226562500e+02,1.148016845703125000e+03
9.288000000000000000e+03,5.048602294921875000e+02,7.222595825195312500e+02
9.289000000000000000e+03,5.209191284179687500e+02,7.309545898437500000e+02
9.290000000000000000e+03,5.240887451171875000e+02,9.507880249023437500e+02
9.291000000000000000e+03,5.479126586914062500e+02,9.259030151367187500e+02
9.292000000000000000e+03,5.117500000000000000e+02,1.157985229492187500e+03
9.293000000000000000e+03,5.280885620117187500e+02,1.113425537109375000e+03
9.294000000000000000e+03,5.348596801757812500e+02,1.056313964843750000e+03
9.295000000000000000e+03,5.073659667968750000e+02,7.388731689453125000e+02
9.296000000000000000e+03,5.032718505859375000e+02,1.078709594726562500e+03
9.297000000000000000e+03,5.009827880859375000e+02,7.233123168945312500e+02
9.298000000000000000e+03,5.101798095703125000e+02,7.292311401367187500e+02
9.299000000000000000e+03,4.949855651855468750e+02,7.475762939453125000e+02
9.300000000000000000e+03,4.857347106933593750e+02,1.436543579101562500e+03
9.301000000000000000e+03,5.035278930664062500e+02,1.397741699218750000e+03
9.302000000000000000e+03,5.440994873046875000e+02,9.541102294921875000e+02
9.303000000000000000e+03,4.847001037597656250e+02,9.041156005859375000e+02
9.304000000000000000e+03,4.943840332031250000e+02,9.015744018554687500e+02
9.305000000000000000e+03,5.460454101562500000e+02,7.360563964843750000e+02
9.306000000000000000e+03,4.841144409179687500e+02,7.596710205078125000e+02
9.307000000000000000e+03,5.306051635742187500e+02,8.935816650390625000e+02
9.308000000000000000e+03,5.446055908203125000e+02,1.004259521484375000e+03
9.309000000000000000e+03,4.905537109375000000e+02,7.253106689453125000e+02
9.310000000000000000e+03,5.257691650390625000e+02,7.522641601562500000e+02
9.311000000000000000e+03,5.286859130859375000e+02,7.422504272460937500e+02
9.312000000000000000e+03,5.027280273437500000e+02,7.701958618164062500e+02
9.313000000000000000e+03,5.044096679687500000e+02,7.569907836914062500e+02
9.314000000000000000e+03,5.114294128417968750e+02,7.307097167968750000e+02
9.315000000000000000e+03,5.066559143066406250e+02,1.130107177734375000e+03
9.316000000000000000e+03,4.913978881835937500e+02,8.890180664062500000e+02
9.317000000000000000e+03,4.699237365722656250e+02,7.433465576171875000e+02
9.318000000000000000e+03,5.184744262695312500e+02,8.289320068359375000e+02
9.319000000000000000e+03,5.027490234375000000e+02,1.269894409179687500e+03
9.320000000000000000e+03,5.697000732421875000e+02,7.785148315429687500e+02
9.321000000000000000e+03,4.985577392578125000e+02,7.627098388671875000e+02
9.322000000000000000e+03,5.266713256835937500e+02,1.054209716796875000e+03
9.323000000000000000e+03,5.247639160156250000e+02,7.517442626953125000e+02
9.324000000000000000e+03,4.796968078613281250e+02,8.628635253906250000e+02
9.325000000000000000e+03,4.939338073730468750e+02,7.815882568359375000e+02
9.326000000000000000e+03,5.083823547363281250e+02,9.879733276367187500e+02
9.327000000000000000e+03,5.223349609375000000e+02,7.974975585937500000e+02
9.328000000000000000e+03,5.263768920898437500e+02,7.968254394531250000e+02
9.329000000000000000e+03,5.277527465820312500e+02,7.342602539062500000e+02
9.330000000000000000e+03,4.997743530273437500e+02,7.406527709960937500e+02
9.331000000000000000e+03,4.982554016113281250e+02,1.015324768066406250e+03
9.332000000000000000e+03,4.961074523925781250e+02,7.739635620117187500e+02
9.333000000000000000e+03,4.967597351074218750e+02,8.124495849609375000e+02
9.334000000000000000e+03,4.990907592773437500e+02,1.266959472656250000e+03
9.335000000000000000e+03,4.735139770507812500e+02,7.531411743164062500e+02
9.336000000000000000e+03,5.170333251953125000e+02,1.017298461914062500e+03
9.337000000000000000e+03,4.946426391601562500e+02,1.085822998046875000e+03
9.338000000000000000e+03,4.604317626953125000e+02,7.866792602539062500e+02
9.339000000000000000e+03,4.973277893066406250e+02,8.499127807617187500e+02
9.340000000000000000e+03,5.449253540039062500e+02,1.252483032226562500e+03
9.341000000000000000e+03,4.861864624023437500e+02,7.383067626953125000e+02
9.342000000000000000e+03,4.618640136718750000e+02,7.248902587890625000e+02
9.343000000000000000e+03,5.049860534667968750e+02,8.078172607421875000e+02
9.344000000000000000e+03,5.030835876464843750e+02,7.905663452148437500e+02
9.345000000000000000e+03,5.005317382812500000e+02,7.366655273437500000e+02
9.346000000000000000e+03,4.989233703613281250e+02,7.275881958007812500e+02
9.347000000000000000e+03,4.978251037597656250e+02,7.260415039062500000e+02
9.348000000000000000e+03,4.972297973632812500e+02,8.384734497070312500e+02
9.349000000000000000e+03,4.835360107421875000e+02,7.556114501953125000e+02
9.350000000000000000e+03,4.834455261230468750e+02,7.358744506835937500e+02
9.351000000000000000e+03,5.237532958984375000e+02,7.457193603515625000e+02
9.352000000000000000e+03,5.095570983886718750e+02,1.188794311523437500e+03
9.353000000000000000e+03,5.006020202636718750e+02,1.133717041015625000e+03
9.354000000000000000e+03,4.697191467285156250e+02,7.224104614257812500e+02
9.355000000000000000e+03,4.943988037109375000e+02,3.254436035156250000e+03
9.356000000000000000e+03,5.169577636718750000e+02,1.531668945312500000e+03
9.357000000000000000e+03,5.118266296386718750e+02,7.801199951171875000e+02
9.358000000000000000e+03,5.035145568847656250e+02,7.225313110351562500e+02
9.359000000000000000e+03,4.787769470214843750e+02,7.794230957031250000e+02
9.360000000000000000e+03,4.883301391601562500e+02,9.757274169921875000e+02
9.361000000000000000e+03,4.813789062500000000e+02,8.177577514648437500e+02
9.362000000000000000e+03,4.864340820312500000e+02,8.359296875000000000e+02
9.363000000000000000e+03,4.744950561523437500e+02,8.184666748046875000e+02
9.364000000000000000e+03,5.099070434570312500e+02,1.102506225585937500e+03
9.365000000000000000e+03,5.158435058593750000e+02,7.377428588867187500e+02
9.366000000000000000e+03,4.558078918457031250e+02,1.016274414062500000e+03
9.367000000000000000e+03,5.228724975585937500e+02,1.528419921875000000e+03
9.368000000000000000e+03,5.411495361328125000e+02,7.370275268554687500e+02
9.369000000000000000e+03,4.814653015136718750e+02,7.266900634765625000e+02
9.370000000000000000e+03,4.549840393066406250e+02,1.466524169921875000e+03
9.371000000000000000e+03,5.487442626953125000e+02,7.277480468750000000e+02
9.372000000000000000e+03,4.756784973144531250e+02,9.698245849609375000e+02
9.373000000000000000e+03,4.561264038085937500e+02,8.029664916992187500e+02
9.374000000000000000e+03,4.975294189453125000e+02,7.223365478515625000e+02
9.375000000000000000e+03,4.676389770507812500e+02,7.483532714843750000e+02
9.376000000000000000e+03,5.052205810546875000e+02,7.826784667968750000e+02
9.377000000000000000e+03,4.997010803222656250e+02,1.099463134765625000e+03
9.378000000000000000e+03,5.059623413085937500e+02,7.247510986328125000e+02
9.379000000000000000e+03,5.230662841796875000e+02,7.421774291992187500e+02
9.380000000000000000e+03,5.109223632812500000e+02,9.375933837890625000e+02
9.381000000000000000e+03,5.256001586914062500e+02,7.602494506835937500e+02
9.382000000000000000e+03,4.852828063964843750e+02,1.198116577148437500e+03
9.383000000000000000e+03,4.858653869628906250e+02,7.901730957031250000e+02
9.384000000000000000e+03,5.044248962402343750e+02,8.085753173828125000e+02
9.385000000000000000e+03,5.013371276855468750e+02,8.042478027343750000e+02
9.386000000000000000e+03,5.059906005859375000e+02,7.865273437500000000e+02
9.387000000000000000e+03,5.005003967285156250e+02,7.254703979492187500e+02
9.388000000000000000e+03,4.979458618164062500e+02,7.856192626953125000e+02
9.389000000000000000e+03,4.928095092773437500e+02,7.787844848632812500e+02
9.390000000000000000e+03,5.037297363281250000e+02,7.398057861328125000e+02
9.391000000000000000e+03,4.878388366699218750e+02,7.526050415039062500e+02
9.392000000000000000e+03,4.805397338867187500e+02,8.836188354492187500e+02
9.393000000000000000e+03,4.910924987792968750e+02,8.749309082031250000e+02
9.394000000000000000e+03,4.859075622558593750e+02,8.122490234375000000e+02
9.395000000000000000e+03,5.060369567871093750e+02,7.430589599609375000e+02
9.396000000000000000e+03,4.833709716796875000e+02,7.200887451171875000e+02
9.397000000000000000e+03,5.247426757812500000e+02,1.375658569335937500e+03
9.398000000000000000e+03,4.936690368652343750e+02,8.484066772460937500e+02
9.399000000000000000e+03,5.131937866210937500e+02,1.258455810546875000e+03
9.400000000000000000e+03,4.987831115722656250e+02,7.206308593750000000e+02
9.401000000000000000e+03,5.002420043945312500e+02,7.279416503906250000e+02
9.402000000000000000e+03,5.202067871093750000e+02,1.015689392089843750e+03
9.403000000000000000e+03,4.778549499511718750e+02,1.213386840820312500e+03
9.404000000000000000e+03,5.053396911621093750e+02,8.868699951171875000e+02
9.405000000000000000e+03,5.402102050781250000e+02,7.299429931640625000e+02
9.406000000000000000e+03,5.294910278320312500e+02,7.704890747070312500e+02
9.407000000000000000e+03,4.949741210937500000e+02,8.031751708984375000e+02
9.408000000000000000e+03,5.058115234375000000e+02,7.511718139648437500e+02
9.409000000000000000e+03,5.059972534179687500e+02,9.269851684570312500e+02
9.410000000000000000e+03,4.731538085937500000e+02,7.475388183593750000e+02
9.411000000000000000e+03,4.867799377441406250e+02,7.247272949218750000e+02
9.412000000000000000e+03,4.614711303710937500e+02,7.760798339843750000e+02
9.413000000000000000e+03,5.903436279296875000e+02,7.539510498046875000e+02
9.414000000000000000e+03,5.065052795410156250e+02,7.953502807617187500e+02
9.415000000000000000e+03,5.162255859375000000e+02,8.270966186523437500e+02
9.416000000000000000e+03,4.874829101562500000e+02,2.634580322265625000e+03
9.417000000000000000e+03,5.473594360351562500e+02,1.514731201171875000e+03
9.418000000000000000e+03,5.253497314453125000e+02,7.750478515625000000e+02
9.419000000000000000e+03,5.068375854492187500e+02,1.400717651367187500e+03
9.420000000000000000e+03,4.819747009277343750e+02,7.214832763671875000e+02
9.421000000000000000e+03,5.167244262695312500e+02,7.774212646484375000e+02
9.422000000000000000e+03,4.858079833984375000e+02,7.300474853515625000e+02
9.423000000000000000e+03,4.798028259277343750e+02,7.335067749023437500e+02
9.424000000000000000e+03,4.862944335937500000e+02,1.368418457031250000e+03
9.425000000000000000e+03,4.997437438964843750e+02,8.376171875000000000e+02
9.426000000000000000e+03,5.369708251953125000e+02,1.281578979492187500e+03
9.427000000000000000e+03,4.818287658691406250e+02,1.100840942382812500e+03
9.428000000000000000e+03,5.340985717773437500e+02,1.031792480468750000e+03
9.429000000000000000e+03,5.397672119140625000e+02,7.786617431640625000e+02
9.430000000000000000e+03,4.718419494628906250e+02,1.392198730468750000e+03
9.431000000000000000e+03,5.123115234375000000e+02,7.653563232421875000e+02
9.432000000000000000e+03,5.458620605468750000e+02,9.193244018554687500e+02
9.433000000000000000e+03,4.572972106933593750e+02,7.305830688476562500e+02
9.434000000000000000e+03,4.812133483886718750e+02,7.562481079101562500e+02
9.435000000000000000e+03,5.160805664062500000e+02,7.280314941406250000e+02
9.436000000000000000e+03,4.926489257812500000e+02,7.610769042968750000e+02
9.437000000000000000e+03,5.335177001953125000e+02,7.196931152343750000e+02
9.438000000000000000e+03,5.199000854492187500e+02,1.705554321289062500e+03
9.439000000000000000e+03,4.968378295898437500e+02,7.204486694335937500e+02
9.440000000000000000e+03,4.944726257324218750e+02,7.562517089843750000e+02
9.441000000000000000e+03,5.244008789062500000e+02,7.782114868164062500e+02
9.442000000000000000e+03,4.933787536621093750e+02,9.739419555664062500e+02
9.443000000000000000e+03,5.397006835937500000e+02,7.499140014648437500e+02
9.444000000000000000e+03,4.859664001464843750e+02,1.000745117187500000e+03
9.445000000000000000e+03,5.042043457031250000e+02,1.329836669921875000e+03
9.446000000000000000e+03,4.855251464843750000e+02,7.580330810546875000e+02
9.447000000000000000e+03,5.306666870117187500e+02,8.105599975585937500e+02
9.448000000000000000e+03,4.870312805175781250e+02,7.815625610351562500e+02
9.449000000000000000e+03,5.000137329101562500e+02,7.363710937500000000e+02
9.450000000000000000e+03,5.479733886718750000e+02,7.578309936523437500e+02
9.451000000000000000e+03,5.094172668457031250e+02,8.073614501953125000e+02
9.452000000000000000e+03,5.020792541503906250e+02,7.240819091796875000e+02
9.453000000000000000e+03,4.853482666015625000e+02,7.235109252929687500e+02
9.454000000000000000e+03,4.969100341796875000e+02,9.940657958984375000e+02
9.455000000000000000e+03,5.073458557128906250e+02,7.595427856445312500e+02
9.456000000000000000e+03,4.771144714355468750e+02,1.001432922363281250e+03
9.457000000000000000e+03,5.285415649414062500e+02,9.990228271484375000e+02
9.458000000000000000e+03,4.943575744628906250e+02,7.657736206054687500e+02
9.459000000000000000e+03,5.275393676757812500e+02,7.380443725585937500e+02
9.460000000000000000e+03,4.986639099121093750e+02,1.242151611328125000e+03
9.461000000000000000e+03,4.610000610351562500e+02,7.681901245117187500e+02
9.462000000000000000e+03,5.641964111328125000e+02,7.695032348632812500e+02
9.463000000000000000e+03,4.780022277832031250e+02,8.086850585937500000e+02
9.464000000000000000e+03,4.889490661621093750e+02,1.038873901367187500e+03
9.465000000000000000e+03,4.919140014648437500e+02,7.429866943359375000e+02
9.466000000000000000e+03,5.261561889648437500e+02,1.503712890625000000e+03
9.467000000000000000e+03,5.003595275878906250e+02,7.198352050781250000e+02
9.468000000000000000e+03,4.678028259277343750e+02,1.231606933593750000e+03
9.469000000000000000e+03,4.984541320800781250e+02,2.130279785156250000e+03
9.470000000000000000e+03,5.422441406250000000e+02,7.252570190429687500e+02
9.471000000000000000e+03,5.262341308593750000e+02,1.051181274414062500e+03
9.472000000000000000e+03,4.901004028320312500e+02,7.522880859375000000e+02
9.473000000000000000e+03,5.412417602539062500e+02,8.266022338867187500e+02
9.474000000000000000e+03,5.151103515625000000e+02,7.196387329101562500e+02
9.475000000000000000e+03,5.496493530273437500e+02,1.117235717773437500e+03
9.476000000000000000e+03,5.100817565917968750e+02,7.322655639648437500e+02
9.477000000000000000e+03,5.001062622070312500e+02,7.732203369140625000e+02
9.478000000000000000e+03,5.046195068359375000e+02,8.556373291015625000e+02
9.479000000000000000e+03,5.052816162109375000e+02,7.501883544921875000e+02
9.480000000000000000e+03,4.863132934570312500e+02,7.203196411132812500e+02
9.481000000000000000e+03,5.740726928710937500e+02,8.119079589843750000e+02
9.482000000000000000e+03,5.074033813476562500e+02,7.614144287109375000e+02
9.483000000000000000e+03,5.362783203125000000e+02,1.164268554687500000e+03
9.484000000000000000e+03,5.081759948730468750e+02,7.893601684570312500e+02
9.485000000000000000e+03,4.804309082031250000e+02,8.459741210937500000e+02
9.486000000000000000e+03,4.758235473632812500e+02,1.335269042968750000e+03
9.487000000000000000e+03,4.965425720214843750e+02,7.947395629882812500e+02
9.488000000000000000e+03,4.888223571777343750e+02,7.249351196289062500e+02
9.489000000000000000e+03,5.229155273437500000e+02,7.812197265625000000e+02
9.490000000000000000e+03,4.872433166503906250e+02,8.672684326171875000e+02
9.491000000000000000e+03,5.140975952148437500e+02,1.094234985351562500e+03
9.492000000000000000e+03,4.993809509277343750e+02,8.923045043945312500e+02
9.493000000000000000e+03,4.996851806640625000e+02,7.241985473632812500e+02
9.494000000000000000e+03,4.977654418945312500e+02,7.852036743164062500e+02
9.495000000000000000e+03,4.606201782226562500e+02,9.940998535156250000e+02
9.496000000000000000e+03,5.265247802734375000e+02,7.894598388671875000e+02
9.497000000000000000e+03,4.485320434570312500e+02,7.353639526367187500e+02
9.498000000000000000e+03,5.028285827636718750e+02,7.384249267578125000e+02
9.499000000000000000e+03,4.900492553710937500e+02,7.340179443359375000e+02
9.500000000000000000e+03,5.035633544921875000e+02,1.109659423828125000e+03
9.501000000000000000e+03,5.481259765625000000e+02,7.383202514648437500e+02
9.502000000000000000e+03,4.979639282226562500e+02,7.233964233398437500e+02
9.503000000000000000e+03,5.352120971679687500e+02,1.000980651855468750e+03
9.504000000000000000e+03,4.889735717773437500e+02,7.394179077148437500e+02
9.505000000000000000e+03,4.931370239257812500e+02,8.628623046875000000e+02
9.506000000000000000e+03,4.687860107421875000e+02,7.230138549804687500e+02
9.507000000000000000e+03,5.161388549804687500e+02,1.415435424804687500e+03
9.508000000000000000e+03,4.660123901367187500e+02,1.267263427734375000e+03
9.509000000000000000e+03,4.831194152832031250e+02,7.216610717773437500e+02
9.510000000000000000e+03,4.585405578613281250e+02,7.218757934570312500e+02
9.511000000000000000e+03,5.154998779296875000e+02,1.017397888183593750e+03
9.512000000000000000e+03,5.209618530273437500e+02,7.947607421875000000e+02
9.513000000000000000e+03,4.772091064453125000e+02,1.766990234375000000e+03
9.514000000000000000e+03,4.869942932128906250e+02,1.005907897949218750e+03
9.515000000000000000e+03,5.017605590820312500e+02,7.467722167968750000e+02
9.516000000000000000e+03,4.925232543945312500e+02,8.717999877929687500e+02
9.517000000000000000e+03,5.074156494140625000e+02,9.229434204101562500e+02
9.518000000000000000e+03,4.993247680664062500e+02,1.135982177734375000e+03
9.519000000000000000e+03,5.136506958007812500e+02,1.413479248046875000e+03
9.520000000000000000e+03,4.960706481933593750e+02,1.911862182617187500e+03
9.521000000000000000e+03,5.119887695312500000e+02,7.506667480468750000e+02
9.522000000000000000e+03,5.140703735351562500e+02,7.821801147460937500e+02
9.523000000000000000e+03,5.047250976562500000e+02,7.702820434570312500e+02
9.524000000000000000e+03,4.921342773437500000e+02,7.297991943359375000e+02
9.525000000000000000e+03,4.752901916503906250e+02,1.030373291015625000e+03
9.526000000000000000e+03,4.906129760742187500e+02,9.564263916015625000e+02
9.527000000000000000e+03,5.164465942382812500e+02,7.399497680664062500e+02
9.528000000000000000e+03,4.864651184082031250e+02,8.285274047851562500e+02
9.529000000000000000e+03,4.804627685546875000e+02,9.021883544921875000e+02
9.530000000000000000e+03,5.070566711425781250e+02,7.600168457031250000e+02
9.531000000000000000e+03,4.540826721191406250e+02,7.358970336914062500e+02
9.532000000000000000e+03,5.607962646484375000e+02,8.365775756835937500e+02
9.533000000000000000e+03,4.991225585937500000e+02,8.821439819335937500e+02
9.534000000000000000e+03,5.237903442382812500e+02,7.499224853515625000e+02
9.535000000000000000e+03,4.755855407714843750e+02,7.473331298828125000e+02
9.536000000000000000e+03,5.260025024414062500e+02,7.210308837890625000e+02
9.537000000000000000e+03,4.606984863281250000e+02,7.239989624023437500e+02
9.538000000000000000e+03,4.770534973144531250e+02,7.394220581054687500e+02
9.539000000000000000e+03,4.451784973144531250e+02,7.384395751953125000e+02
9.540000000000000000e+03,5.502896118164062500e+02,7.429989624023437500e+02
9.541000000000000000e+03,5.046945800781250000e+02,7.876327514648437500e+02
9.542000000000000000e+03,5.329678344726562500e+02,7.321735229492187500e+02
9.543000000000000000e+03,5.098720703125000000e+02,7.267366333007812500e+02
9.544000000000000000e+03,4.970103454589843750e+02,1.456345458984375000e+03
9.545000000000000000e+03,5.119394226074218750e+02,7.498486328125000000e+02
9.546000000000000000e+03,5.028325805664062500e+02,7.645916748046875000e+02
9.547000000000000000e+03,5.194678344726562500e+02,9.683990478515625000e+02
9.548000000000000000e+03,4.930454711914062500e+02,7.513577880859375000e+02
9.549000000000000000e+03,5.016144104003906250e+02,1.075956909179687500e+03
9.550000000000000000e+03,4.650526733398437500e+02,7.553903808593750000e+02
9.551000000000000000e+03,5.319801635742187500e+02,7.219208984375000000e+02
9.552000000000000000e+03,4.802402954101562500e+02,7.207978515625000000e+02
9.553000000000000000e+03,5.241718750000000000e+02,7.889656372070312500e+02
9.554000000000000000e+03,5.109287109375000000e+02,1.044125732421875000e+03
9.555000000000000000e+03,5.062717285156250000e+02,8.119120483398437500e+02
9.556000000000000000e+03,5.561544799804687500e+02,8.106386108398437500e+02
9.557000000000000000e+03,4.976286926269531250e+02,7.263090209960937500e+02
9.558000000000000000e+03,4.794104309082031250e+02,7.603847045898437500e+02
9.559000000000000000e+03,4.573241577148437500e+02,7.435113525390625000e+02
9.560000000000000000e+03,4.864249877929687500e+02,1.012471984863281250e+03
9.561000000000000000e+03,5.280592041015625000e+02,1.015444335937500000e+03
9.562000000000000000e+03,5.371378173828125000e+02,1.130204711914062500e+03
9.563000000000000000e+03,5.215415649414062500e+02,8.147595214843750000e+02
9.564000000000000000e+03,4.705968322753906250e+02,8.195921630859375000e+02
9.565000000000000000e+03,5.262371826171875000e+02,8.490608520507812500e+02
9.566000000000000000e+03,5.372607421875000000e+02,7.329796752929687500e+02
9.567000000000000000e+03,4.998987121582031250e+02,7.408619995117187500e+02
9.568000000000000000e+03,4.415757141113281250e+02,7.269979858398437500e+02
9.569000000000000000e+03,5.293471069335937500e+02,8.681802368164062500e+02
9.570000000000000000e+03,5.349496459960937500e+02,7.674327392578125000e+02
9.571000000000000000e+03,5.618213500976562500e+02,8.090950317382812500e+02
9.572000000000000000e+03,5.005230712890625000e+02,1.168742797851562500e+03
9.573000000000000000e+03,4.521246032714843750e+02,7.368947143554687500e+02
9.574000000000000000e+03,5.049310302734375000e+02,7.206951293945312500e+02
9.575000000000000000e+03,5.078005065917968750e+02,8.203445434570312500e+02
9.576000000000000000e+03,5.195495605468750000e+02,7.294013671875000000e+02
9.577000000000000000e+03,4.801100463867187500e+02,7.266255493164062500e+02
9.578000000000000000e+03,5.347573242187500000e+02,8.774024047851562500e+02
9.579000000000000000e+03,4.964884948730468750e+02,7.212916870117187500e+02
9.580000000000000000e+03,5.076183776855468750e+02,9.747130126953125000e+02
9.581000000000000000e+03,5.007221374511718750e+02,9.827621459960937500e+02
9.582000000000000000e+03,4.820209045410156250e+02,7.741443481445312500e+02
9.583000000000000000e+03,5.183828735351562500e+02,1.255802978515625000e+03
9.584000000000000000e+03,5.040962829589843750e+02,7.301597900390625000e+02
9.585000000000000000e+03,5.171683349609375000e+02,7.565141601562500000e+02
9.586000000000000000e+03,4.880607604980468750e+02,9.710498046875000000e+02
9.587000000000000000e+03,5.235534057617187500e+02,7.234493408203125000e+02
9.588000000000000000e+03,4.838371887207031250e+02,7.202830200195312500e+02
9.589000000000000000e+03,4.965285034179687500e+02,7.263255615234375000e+02
9.590000000000000000e+03,4.714696044921875000e+02,7.533723144531250000e+02
9.591000000000000000e+03,5.229424438476562500e+02,7.251116943359375000e+02
9.592000000000000000e+03,5.451638183593750000e+02,7.638024902343750000e+02
9.593000000000000000e+03,5.813942871093750000e+02,8.210292358398437500e+02
9.594000000000000000e+03,5.136436157226562500e+02,7.974208374023437500e+02
9.595000000000000000e+03,4.787097778320312500e+02,8.148678588867187500e+02
9.596000000000000000e+03,5.075592041015625000e+02,7.806885375976562500e+02
9.597000000000000000e+03,4.860577087402343750e+02,1.084679321289062500e+03
9.598000000000000000e+03,4.768023071289062500e+02,7.467009277343750000e+02
9.599000000000000000e+03,5.034338073730468750e+02,9.213534545898437500e+02
9.600000000000000000e+03,5.124543457031250000e+02,7.197282104492187500e+02
9.601000000000000000e+03,4.807536010742187500e+02,7.784965209960937500e+02
9.602000000000000000e+03,4.861694641113281250e+02,7.637132568359375000e+02
9.603000000000000000e+03,5.124126586914062500e+02,9.262149047851562500e+02
9.604000000000000000e+03,4.709541625976562500e+02,1.006337646484375000e+03
9.605000000000000000e+03,4.994843139648437500e+02,9.632890014648437500e+02
9.606000000000000000e+03,5.082686462402343750e+02,1.487484741210937500e+03
9.607000000000000000e+03,4.882557678222656250e+02,8.296882934570312500e+02
9.608000000000000000e+03,5.206134033203125000e+02,8.083295288085937500e+02
9.609000000000000000e+03,5.833878784179687500e+02,7.395728149414062500e+02
9.610000000000000000e+03,5.272362060546875000e+02,7.226862792968750000e+02
9.611000000000000000e+03,4.904636535644531250e+02,7.441553955078125000e+02
9.612000000000000000e+03,4.871195678710937500e+02,7.514808349609375000e+02
9.613000000000000000e+03,5.083313598632812500e+02,7.860473022460937500e+02
9.614000000000000000e+03,5.096766967773437500e+02,8.146755981445312500e+02
9.615000000000000000e+03,4.642924194335937500e+02,1.026039184570312500e+03
9.616000000000000000e+03,4.729407958984375000e+02,7.244428710937500000e+02
9.617000000000000000e+03,4.509746704101562500e+02,7.210390014648437500e+02
9.618000000000000000e+03,4.880506591796875000e+02,8.206322021484375000e+02
9.619000000000000000e+03,5.252055664062500000e+02,7.717600708007812500e+02
9.620000000000000000e+03,4.895251770019531250e+02,1.294844482421875000e+03
9.621000000000000000e+03,4.972849731445312500e+02,1.049026611328125000e+03
9.622000000000000000e+03,5.331347045898437500e+02,8.332708129882812500e+02
9.623000000000000000e+03,5.154221801757812500e+02,8.683652954101562500e+02
9.624000000000000000e+03,4.723191833496093750e+02,7.246054687500000000e+02
9.625000000000000000e+03,4.616868591308593750e+02,9.292908935546875000e+02
9.626000000000000000e+03,4.721329956054687500e+02,7.185946044921875000e+02
9.627000000000000000e+03,5.049680175781250000e+02,7.450233764648437500e+02
9.628000000000000000e+03,4.825816345214843750e+02,1.008884643554687500e+03
9.629000000000000000e+03,4.756530761718750000e+02,7.250966796875000000e+02
9.630000000000000000e+03,5.602966308593750000e+02,7.887866210937500000e+02
9.631000000000000000e+03,4.997008666992187500e+02,8.066706542968750000e+02
9.632000000000000000e+03,4.971520080566406250e+02,7.433543701171875000e+02
9.633000000000000000e+03,5.119660949707031250e+02,7.970100708007812500e+02
9.634000000000000000e+03,5.251087646484375000e+02,8.845061035156250000e+02
9.635000000000000000e+03,5.079011840820312500e+02,7.374537353515625000e+02
9.636000000000000000e+03,5.044281005859375000e+02,8.867672729492187500e+02
9.637000000000000000e+03,5.074505615234375000e+02,7.243895263671875000e+02
9.638000000000000000e+03,5.433135375976562500e+02,7.526932983398437500e+02
9.639000000000000000e+03,5.409888916015625000e+02,7.305283203125000000e+02
9.640000000000000000e+03,4.574821166992187500e+02,7.296376953125000000e+02
9.641000000000000000e+03,5.278353271484375000e+02,1.159931762695312500e+03
9.642000000000000000e+03,5.118206787109375000e+02,7.184642944335937500e+02
9.643000000000000000e+03,5.139484863281250000e+02,7.429944458007812500e+02
9.644000000000000000e+03,4.847519226074218750e+02,7.607358398437500000e+02
9.645000000000000000e+03,5.185554199218750000e+02,7.246195678710937500e+02
9.646000000000000000e+03,4.896177062988281250e+02,9.313371582031250000e+02
9.647000000000000000e+03,5.147373046875000000e+02,7.384932250976562500e+02
9.648000000000000000e+03,4.777576904296875000e+02,7.215957641601562500e+02
9.649000000000000000e+03,4.616520080566406250e+02,7.301550292968750000e+02
9.650000000000000000e+03,4.770997009277343750e+02,1.159803344726562500e+03
9.651000000000000000e+03,5.409269409179687500e+02,1.048754150390625000e+03
9.652000000000000000e+03,4.917440795898437500e+02,7.574856567382812500e+02
9.653000000000000000e+03,4.831064453125000000e+02,7.623406982421875000e+02
9.654000000000000000e+03,5.262174682617187500e+02,7.225580444335937500e+02
9.655000000000000000e+03,5.139995727539062500e+02,7.194542236328125000e+02
9.656000000000000000e+03,4.840329589843750000e+02,8.894301147460937500e+02
9.657000000000000000e+03,5.107034606933593750e+02,7.243119506835937500e+02
9.658000000000000000e+03,4.887564697265625000e+02,8.091464233398437500e+02
9.659000000000000000e+03,4.592186279296875000e+02,1.207220458984375000e+03
9.660000000000000000e+03,5.147271728515625000e+02,7.594371337890625000e+02
9.661000000000000000e+03,5.052215270996093750e+02,7.418003540039062500e+02
9.662000000000000000e+03,4.775721130371093750e+02,7.754013671875000000e+02
9.663000000000000000e+03,4.962609863281250000e+02,7.436517944335937500e+02
9.664000000000000000e+03,5.564645996093750000e+02,7.369743652343750000e+02
9.665000000000000000e+03,5.029986877441406250e+02,7.290413818359375000e+02
9.666000000000000000e+03,4.989216613769531250e+02,1.069974853515625000e+03
9.667000000000000000e+03,5.168038330078125000e+02,7.247168579101562500e+02
9.668000000000000000e+03,4.937464294433593750e+02,7.234873657226562500e+02
9.669000000000000000e+03,4.989750366210937500e+02,9.097942504882812500e+02
9.670000000000000000e+03,4.455248107910156250e+02,7.474584350585937500e+02
9.671000000000000000e+03,5.410708618164062500e+02,7.840699462890625000e+02
9.672000000000000000e+03,5.118812561035156250e+02,9.828061523437500000e+02
9.673000000000000000e+03,5.244985961914062500e+02,7.535250854492187500e+02
9.674000000000000000e+03,5.159840698242187500e+02,8.713961791992187500e+02
9.675000000000000000e+03,4.949497070312500000e+02,7.201454467773437500e+02
9.676000000000000000e+03,4.823671875000000000e+02,1.269899658203125000e+03
9.677000000000000000e+03,4.825889892578125000e+02,1.139016967773437500e+03
9.678000000000000000e+03,5.618715209960937500e+02,9.338836669921875000e+02
9.679000000000000000e+03,4.881532592773437500e+02,1.097563598632812500e+03
9.680000000000000000e+03,5.135761718750000000e+02,7.240459594726562500e+02
9.681000000000000000e+03,5.039286193847656250e+02,9.190647583007812500e+02
9.682000000000000000e+03,5.134836425781250000e+02,7.774673461914062500e+02
9.683000000000000000e+03,4.804546813964843750e+02,7.545766601562500000e+02
9.684000000000000000e+03,4.850581970214843750e+02,7.654438476562500000e+02
9.685000000000000000e+03,4.844211425781250000e+02,7.412798461914062500e+02
9.686000000000000000e+03,4.839564208984375000e+02,7.915162353515625000e+02
9.687000000000000000e+03,4.619517517089843750e+02,1.105622192382812500e+03
9.688000000000000000e+03,5.411436157226562500e+02,7.974719848632812500e+02
9.689000000000000000e+03,4.946225891113281250e+02,7.399736938476562500e+02
9.690000000000000000e+03,4.535856323242187500e+02,7.995534667968750000e+02
9.691000000000000000e+03,5.364959106445312500e+02,7.486527099609375000e+02
9.692000000000000000e+03,5.045257873535156250e+02,8.226680297851562500e+02
9.693000000000000000e+03,4.881543884277343750e+02,7.764537963867187500e+02
9.694000000000000000e+03,4.727762145996093750e+02,8.149808349609375000e+02
9.695000000000000000e+03,5.010231628417968750e+02,9.760332641601562500e+02
9.696000000000000000e+03,5.210311889648437500e+02,7.253712158203125000e+02
9.697000000000000000e+03,5.107705993652343750e+02,7.342458496093750000e+02
9.698000000000000000e+03,5.152124023437500000e+02,9.161527099609375000e+02
9.699000000000000000e+03,5.600019531250000000e+02,7.758981933593750000e+02
9.700000000000000000e+03,5.111424865722656250e+02,8.842284545898437500e+02
9.701000000000000000e+03,5.090487670898437500e+02,1.055011474609375000e+03
9.702000000000000000e+03,4.764645080566406250e+02,7.548822021484375000e+02
9.703000000000000000e+03,4.794481506347656250e+02,7.704682006835937500e+02
9.704000000000000000e+03,5.034964904785156250e+02,7.324976806640625000e+02
9.705000000000000000e+03,4.927204895019531250e+02,8.104958496093750000e+02
9.706000000000000000e+03,5.010569458007812500e+02,1.153824707031250000e+03
9.707000000000000000e+03,5.023921508789062500e+02,8.000548706054687500e+02
9.708000000000000000e+03,4.684613952636718750e+02,7.858800048828125000e+02
9.709000000000000000e+03,5.058494873046875000e+02,8.734514770507812500e+02
9.710000000000000000e+03,5.508126220703125000e+02,7.973978881835937500e+02
9.711000000000000000e+03,4.766536560058593750e+02,9.758513183593750000e+02
9.712000000000000000e+03,5.230472412109375000e+02,7.185148315429687500e+02
9.713000000000000000e+03,5.394361572265625000e+02,7.316196899414062500e+02
9.714000000000000000e+03,4.891136779785156250e+02,8.023010253906250000e+02
9.715000000000000000e+03,4.972380981445312500e+02,7.924463500976562500e+02
9.716000000000000000e+03,5.428280029296875000e+02,7.228082275390625000e+02
9.717000000000000000e+03,4.789095153808593750e+02,1.628127929687500000e+03
9.718000000000000000e+03,4.692274475097656250e+02,8.589136962890625000e+02
9.719000000000000000e+03,5.115545349121093750e+02,7.283656005859375000e+02
9.720000000000000000e+03,5.251638183593750000e+02,7.255064697265625000e+02
9.721000000000000000e+03,5.059972229003906250e+02,7.989090576171875000e+02
9.722000000000000000e+03,5.191894531250000000e+02,7.362388305664062500e+02
9.723000000000000000e+03,4.803185729980468750e+02,8.061011352539062500e+02
9.724000000000000000e+03,4.986458435058593750e+02,8.074148559570312500e+02
9.725000000000000000e+03,5.069021606445312500e+02,7.430941162109375000e+02
9.726000000000000000e+03,5.520115966796875000e+02,7.459219360351562500e+02
9.727000000000000000e+03,4.813400268554687500e+02,1.241952880859375000e+03
9.728000000000000000e+03,4.855625610351562500e+02,7.304257202148437500e+02
9.729000000000000000e+03,5.253003540039062500e+02,7.403373413085937500e+02
9.730000000000000000e+03,4.801207275390625000e+02,7.195571289062500000e+02
9.731000000000000000e+03,5.129274902343750000e+02,7.322738037109375000e+02
9.732000000000000000e+03,5.054380187988281250e+02,7.650450439453125000e+02
9.733000000000000000e+03,5.008559570312500000e+02,1.061333740234375000e+03
9.734000000000000000e+03,5.338920898437500000e+02,1.121384399414062500e+03
9.735000000000000000e+03,4.524684143066406250e+02,7.368739013671875000e+02
9.736000000000000000e+03,5.454589843750000000e+02,1.009143737792968750e+03
9.737000000000000000e+03,5.148570556640625000e+02,7.219675903320312500e+02
9.738000000000000000e+03,4.701565856933593750e+02,7.244446411132812500e+02
9.739000000000000000e+03,5.355262451171875000e+02,8.916895751953125000e+02
9.740000000000000000e+03,5.195917968750000000e+02,7.687755126953125000e+02
9.741000000000000000e+03,5.197356567382812500e+02,7.460759277343750000e+02
9.742000000000000000e+03,4.390394287109375000e+02,8.341289062500000000e+02
9.743000000000000000e+03,5.058938903808593750e+02,8.580956420898437500e+02
9.744000000000000000e+03,5.149561767578125000e+02,7.349893798828125000e+02
9.745000000000000000e+03,4.993499145507812500e+02,7.753627319335937500e+02
9.746000000000000000e+03,4.667158203125000000e+02,7.879455566406250000e+02
9.747000000000000000e+03,5.089360351562500000e+02,8.159365234375000000e+02
9.748000000000000000e+03,4.915687866210937500e+02,7.380103149414062500e+02
9.749000000000000000e+03,4.800520324707031250e+02,1.031471923828125000e+03
9.750000000000000000e+03,4.708267822265625000e+02,8.185189819335937500e+02
9.751000000000000000e+03,4.727965393066406250e+02,7.177987670898437500e+02
9.752000000000000000e+03,5.067919311523437500e+02,9.363464355468750000e+02
9.753000000000000000e+03,4.785020751953125000e+02,1.042830688476562500e+03
9.754000000000000000e+03,5.147845458984375000e+02,7.791828002929687500e+02
9.755000000000000000e+03,4.985913085937500000e+02,1.366621826171875000e+03
9.756000000000000000e+03,4.859582824707031250e+02,8.013537597656250000e+02
9.757000000000000000e+03,4.693317260742187500e+02,2.041578857421875000e+03
9.758000000000000000e+03,4.855611572265625000e+02,7.787715454101562500e+02
9.759000000000000000e+03,4.867909545898437500e+02,7.273641357421875000e+02
9.760000000000000000e+03,5.316821289062500000e+02,7.423974609375000000e+02
9.761000000000000000e+03,5.202884521484375000e+02,9.902208251953125000e+02
9.762000000000000000e+03,5.064891662597656250e+02,1.052271972656250000e+03
9.763000000000000000e+03,4.963600769042968750e+02,1.028185791015625000e+03
9.764000000000000000e+03,4.770081787109375000e+02,9.058504638671875000e+02
9.765000000000000000e+03,4.806915893554687500e+02,8.154317016601562500e+02
9.766000000000000000e+03,4.843325500488281250e+02,8.746434936523437500e+02
9.767000000000000000e+03,5.305305786132812500e+02,7.794501953125000000e+02
9.768000000000000000e+03,5.090668945312500000e+02,7.753546142578125000e+02
9.769000000000000000e+03,4.930411682128906250e+02,8.827739868164062500e+02
9.770000000000000000e+03,5.016336364746093750e+02,7.626044311523437500e+02
9.771000000000000000e+03,5.409993286132812500e+02,7.697314453125000000e+02
9.772000000000000000e+03,5.195206298828125000e+02,8.798711547851562500e+02
9.773000000000000000e+03,4.717626953125000000e+02,7.412583618164062500e+02
9.774000000000000000e+03,5.133236083984375000e+02,8.278470458984375000e+02
9.775000000000000000e+03,5.084952392578125000e+02,7.266953735351562500e+02
9.776000000000000000e+03,5.181867065429687500e+02,1.226849121093750000e+03
9.777000000000000000e+03,5.165365600585937500e+02,7.314309692382812500e+02
9.778000000000000000e+03,4.542460937500000000e+02,8.615900268554687500e+02
9.779000000000000000e+03,4.903768920898437500e+02,8.105988769531250000e+02
9.780000000000000000e+03,5.258059692382812500e+02,1.183196655273437500e+03
9.781000000000000000e+03,5.235885620117187500e+02,9.710606079101562500e+02
9.782000000000000000e+03,5.397290039062500000e+02,7.966282958984375000e+02
9.783000000000000000e+03,5.061481018066406250e+02,1.561121704101562500e+03
9.784000000000000000e+03,5.085239257812500000e+02,9.205008544921875000e+02
9.785000000000000000e+03,4.673914489746093750e+02,7.330468750000000000e+02
9.786000000000000000e+03,4.953241882324218750e+02,7.196937255859375000e+02
9.787000000000000000e+03,5.071800537109375000e+02,9.163465576171875000e+02
9.788000000000000000e+03,5.059934997558593750e+02,8.357619628906250000e+02
9.789000000000000000e+03,5.108140258789062500e+02,7.348837890625000000e+02
9.790000000000000000e+03,5.271124267578125000e+02,7.708588256835937500e+02
9.791000000000000000e+03,5.031800842285156250e+02,8.203696289062500000e+02
9.792000000000000000e+03,5.074086608886718750e+02,9.159119873046875000e+02
9.793000000000000000e+03,5.144341430664062500e+02,7.222680053710937500e+02
9.794000000000000000e+03,4.510767822265625000e+02,7.581925048828125000e+02
9.795000000000000000e+03,4.888070373535156250e+02,8.181140747070312500e+02
9.796000000000000000e+03,4.991545410156250000e+02,9.453186645507812500e+02
9.797000000000000000e+03,4.657509155273437500e+02,7.235341796875000000e+02
9.798000000000000000e+03,5.193723754882812500e+02,9.919734497070312500e+02
9.799000000000000000e+03,5.080290832519531250e+02,9.531296997070312500e+02
9.800000000000000000e+03,4.805054626464843750e+02,7.399851684570312500e+02
9.801000000000000000e+03,4.895711364746093750e+02,7.403361816406250000e+02
9.802000000000000000e+03,5.049818420410156250e+02,1.102521850585937500e+03
9.803000000000000000e+03,5.223737792968750000e+02,7.218507690429687500e+02
9.804000000000000000e+03,4.699936523437500000e+02,7.658528442382812500e+02
9.805000000000000000e+03,5.287390747070312500e+02,8.340318603515625000e+02
9.806000000000000000e+03,5.052163696289062500e+02,7.692783203125000000e+02
9.807000000000000000e+03,5.469003906250000000e+02,7.440479125976562500e+02
9.808000000000000000e+03,4.551132202148437500e+02,1.042300048828125000e+03
9.809000000000000000e+03,5.498538208007812500e+02,7.222789306640625000e+02
9.810000000000000000e+03,4.958881225585937500e+02,8.617131347656250000e+02
9.811000000000000000e+03,5.201360473632812500e+02,9.407932128906250000e+02
9.812000000000000000e+03,5.101496276855468750e+02,7.889019165039062500e+02
9.813000000000000000e+03,5.153900756835937500e+02,9.921390380859375000e+02
9.814000000000000000e+03,4.755518188476562500e+02,7.155809326171875000e+02
9.815000000000000000e+03,5.025560302734375000e+02,7.528414916992187500e+02
9.816000000000000000e+03,4.592581176757812500e+02,7.273635253906250000e+02
9.817000000000000000e+03,5.294500122070312500e+02,7.819436645507812500e+02
9.818000000000000000e+03,5.111479187011718750e+02,7.459320068359375000e+02
9.819000000000000000e+03,4.883679809570312500e+02,9.440671997070312500e+02
9.820000000000000000e+03,5.077178649902343750e+02,1.480186767578125000e+03
9.821000000000000000e+03,4.911298217773437500e+02,7.193463745117187500e+02
9.822000000000000000e+03,5.079133605957031250e+02,8.808742065429687500e+02
9.823000000000000000e+03,4.921459045410156250e+02,7.690120849609375000e+02
9.824000000000000000e+03,5.044582214355468750e+02,9.409237670898437500e+02
9.825000000000000000e+03,4.816000976562500000e+02,7.467158813476562500e+02
9.826000000000000000e+03,4.520891418457031250e+02,7.844748535156250000e+02
9.827000000000000000e+03,4.764381713867187500e+02,1.358930664062500000e+03
9.828000000000000000e+03,5.500998535156250000e+02,8.962429809570312500e+02
9.829000000000000000e+03,4.926596679687500000e+02,9.192189331054687500e+02
9.830000000000000000e+03,5.062124938964843750e+02,7.529013671875000000e+02
9.831000000000000000e+03,5.271660156250000000e+02,1.051217041015625000e+03
9.832000000000000000e+03,5.328884277343750000e+02,7.220379028320312500e+02
9.833000000000000000e+03,4.996151733398437500e+02,7.869058837890625000e+02
9.834000000000000000e+03,5.196025390625000000e+02,8.221798706054687500e+02
9.835000000000000000e+03,5.292542114257812500e+02,9.708565063476562500e+02
9.836000000000000000e+03,5.057289428710937500e+02,7.631239013671875000e+02
9.837000000000000000e+03,4.347736206054687500e+02,7.240650634765625000e+02
9.838000000000000000e+03,5.134805297851562500e+02,7.672995605468750000e+02
9.839000000000000000e+03,4.834435729980468750e+02,7.414592285156250000e+02
9.840000000000000000e+03,5.039825134277343750e+02,8.635009765625000000e+02
9.841000000000000000e+03,4.899232788085937500e+02,7.697424316406250000e+02
9.842000000000000000e+03,4.647021484375000000e+02,9.938034667968750000e+02
9.843000000000000000e+03,5.136925048828125000e+02,1.514124877929687500e+03
9.844000000000000000e+03,5.075840148925781250e+02,7.529341430664062500e+02
9.845000000000000000e+03,4.633470153808593750e+02,7.194523925781250000e+02
9.846000000000000000e+03,5.465701293945312500e+02,7.189943847656250000e+02
9.847000000000000000e+03,4.927135925292968750e+02,7.241810913085937500e+02
9.848000000000000000e+03,4.782030639648437500e+02,7.188683471679687500e+02
9.849000000000000000e+03,4.739786682128906250e+02,7.833098144531250000e+02
9.850000000000000000e+03,4.671095275878906250e+02,8.027337036132812500e+02
9.851000000000000000e+03,5.102919006347656250e+02,8.011875000000000000e+02
9.852000000000000000e+03,4.757211608886718750e+02,8.277867431640625000e+02
9.853000000000000000e+03,5.078554077148437500e+02,8.911704101562500000e+02
9.854000000000000000e+03,4.708308410644531250e+02,8.471542358398437500e+02
9.855000000000000000e+03,5.024430847167968750e+02,7.165172119140625000e+02
9.856000000000000000e+03,5.374515380859375000e+02,9.243035888671875000e+02
9.857000000000000000e+03,5.394452514648437500e+02,7.547473144531250000e+02
9.858000000000000000e+03,4.926662597656250000e+02,8.112041015625000000e+02
9.859000000000000000e+03,5.246114501953125000e+02,8.053148193359375000e+02
9.860000000000000000e+03,4.889379577636718750e+02,8.162219848632812500e+02
9.861000000000000000e+03,4.696231079101562500e+02,8.041038208007812500e+02
9.862000000000000000e+03,4.805739440917968750e+02,8.548371582031250000e+02
9.863000000000000000e+03,5.425484619140625000e+02,7.733666381835937500e+02
9.864000000000000000e+03,4.768602294921875000e+02,7.400440673828125000e+02
9.865000000000000000e+03,4.853170166015625000e+02,7.374490356445312500e+02
9.866000000000000000e+03,5.161668090820312500e+02,7.531677246093750000e+02
9.867000000000000000e+03,4.581164550781250000e+02,1.039498168945312500e+03
9.868000000000000000e+03,4.826084899902343750e+02,7.182996215820312500e+02
9.869000000000000000e+03,4.997899780273437500e+02,9.080481567382812500e+02
9.870000000000000000e+03,4.720344238281250000e+02,7.254291381835937500e+02
9.871000000000000000e+03,5.033486938476562500e+02,7.802037963867187500e+02
9.872000000000000000e+03,5.413295898437500000e+02,8.108850708007812500e+02
9.873000000000000000e+03,5.048630676269531250e+02,7.215775756835937500e+02
9.874000000000000000e+03,4.710707702636718750e+02,7.603242797851562500e+02
9.875000000000000000e+03,5.393840942382812500e+02,7.405479125976562500e+02
9.876000000000000000e+03,4.775415649414062500e+02,7.352948608398437500e+02
9.877000000000000000e+03,5.141564941406250000e+02,7.411889648437500000e+02
9.878000000000000000e+03,4.998665771484375000e+02,1.688367919921875000e+03
9.879000000000000000e+03,5.335671997070312500e+02,7.361937255859375000e+02
9.880000000000000000e+03,4.835222778320312500e+02,1.066561645507812500e+03
9.881000000000000000e+03,4.802899780273437500e+02,7.205140380859375000e+02
9.882000000000000000e+03,5.141494140625000000e+02,7.611979370117187500e+02
9.883000000000000000e+03,5.060308837890625000e+02,9.049713745117187500e+02
9.884000000000000000e+03,5.186401977539062500e+02,8.919329833984375000e+02
9.885000000000000000e+03,4.559123840332031250e+02,1.356125732421875000e+03
9.886000000000000000e+03,4.629999389648437500e+02,9.009652099609375000e+02
9.887000000000000000e+03,5.257005615234375000e+02,8.511023559570312500e+02
9.888000000000000000e+03,5.215126953125000000e+02,7.398063354492187500e+02
9.889000000000000000e+03,4.879122009277343750e+02,7.516815795898437500e+02
9.890000000000000000e+03,4.744298706054687500e+02,7.386940307617187500e+02
9.891000000000000000e+03,5.394948120117187500e+02,7.236013183593750000e+02
9.892000000000000000e+03,4.793988952636718750e+02,1.342548217773437500e+03
9.893000000000000000e+03,4.958444519042968750e+02,1.096192504882812500e+03
9.894000000000000000e+03,4.511552734375000000e+02,7.203997192382812500e+02
9.895000000000000000e+03,5.117851867675781250e+02,7.195989379882812500e+02
9.896000000000000000e+03,4.996780395507812500e+02,8.210068359375000000e+02
9.897000000000000000e+03,4.861080627441406250e+02,8.170831298828125000e+02
9.898000000000000000e+03,4.907099609375000000e+02,7.489798583984375000e+02
9.899000000000000000e+03,4.856679077148437500e+02,1.310180297851562500e+03
9.900000000000000000e+03,5.174410400390625000e+02,1.462209350585937500e+03
9.901000000000000000e+03,5.499243164062500000e+02,7.299483642578125000e+02
9.902000000000000000e+03,5.283334960937500000e+02,7.230101318359375000e+02
9.903000000000000000e+03,5.132576904296875000e+02,7.285727539062500000e+02
9.904000000000000000e+03,5.085065002441406250e+02,7.520321044921875000e+02
9.905000000000000000e+03,5.200493164062500000e+02,8.404576416015625000e+02
9.906000000000000000e+03,4.707670898437500000e+02,7.207749023437500000e+02
9.907000000000000000e+03,5.257412719726562500e+02,7.677947998046875000e+02
9.908000000000000000e+03,4.644542541503906250e+02,1.154220336914062500e+03
9.909000000000000000e+03,4.949280090332031250e+02,7.542232666015625000e+02
9.910000000000000000e+03,4.782512207031250000e+02,7.176286621093750000e+02
9.911000000000000000e+03,4.789151306152343750e+02,7.927667236328125000e+02
9.912000000000000000e+03,4.912861633300781250e+02,1.075187988281250000e+03
9.913000000000000000e+03,5.167292480468750000e+02,7.184899902343750000e+02
9.914000000000000000e+03,5.037862243652343750e+02,7.526328735351562500e+02
9.915000000000000000e+03,4.796031188964843750e+02,1.355747802734375000e+03
9.916000000000000000e+03,5.049519653320312500e+02,1.031209472656250000e+03
9.917000000000000000e+03,5.006370239257812500e+02,7.254190063476562500e+02
9.918000000000000000e+03,5.686400146484375000e+02,7.684981079101562500e+02
9.919000000000000000e+03,4.995006103515625000e+02,7.183412475585937500e+02
9.920000000000000000e+03,4.931263427734375000e+02,7.259236450195312500e+02
9.921000000000000000e+03,4.993625793457031250e+02,7.427730712890625000e+02
9.922000000000000000e+03,5.533643798828125000e+02,7.741619873046875000e+02
9.923000000000000000e+03,4.728736267089843750e+02,7.252601928710937500e+02
9.924000000000000000e+03,4.894779663085937500e+02,9.859123535156250000e+02
9.925000000000000000e+03,5.404391479492187500e+02,1.575757690429687500e+03
9.926000000000000000e+03,5.362590332031250000e+02,7.316494750976562500e+02
9.927000000000000000e+03,4.435600585937500000e+02,8.044747314453125000e+02
9.928000000000000000e+03,5.491029663085937500e+02,7.437401733398437500e+02
9.929000000000000000e+03,4.576316833496093750e+02,7.442207641601562500e+02
9.930000000000000000e+03,5.025675964355468750e+02,7.354552001953125000e+02
9.931000000000000000e+03,4.831485595703125000e+02,9.303682861328125000e+02
9.932000000000000000e+03,5.168888549804687500e+02,7.215021362304687500e+02
9.933000000000000000e+03,5.265743408203125000e+02,1.264215087890625000e+03
9.934000000000000000e+03,4.678953857421875000e+02,1.006175354003906250e+03
9.935000000000000000e+03,5.201281127929687500e+02,7.283118896484375000e+02
9.936000000000000000e+03,5.244902343750000000e+02,7.231058959960937500e+02
9.937000000000000000e+03,5.296275024414062500e+02,7.423640747070312500e+02
9.938000000000000000e+03,4.421379089355468750e+02,7.224709472656250000e+02
9.939000000000000000e+03,5.026450195312500000e+02,1.129123046875000000e+03
9.940000000000000000e+03,4.834174499511718750e+02,7.205154418945312500e+02
9.941000000000000000e+03,4.772454223632812500e+02,7.333900756835937500e+02
9.942000000000000000e+03,5.304410400390625000e+02,8.637084350585937500e+02
9.943000000000000000e+03,5.467335815429687500e+02,1.237369750976562500e+03
9.944000000000000000e+03,5.175137939453125000e+02,1.001611572265625000e+03
9.945000000000000000e+03,5.564793701171875000e+02,7.815464477539062500e+02
9.946000000000000000e+03,5.338507690429687500e+02,7.778844604492187500e+02
9.947000000000000000e+03,4.798186645507812500e+02,7.366792602539062500e+02
9.948000000000000000e+03,4.979440002441406250e+02,1.083644287109375000e+03
9.949000000000000000e+03,5.143652343750000000e+02,7.223138427734375000e+02
9.950000000000000000e+03,4.996489562988281250e+02,7.600485839843750000e+02
9.951000000000000000e+03,4.579638061523437500e+02,1.674436645507812500e+03
9.952000000000000000e+03,5.028414001464843750e+02,1.045595581054687500e+03
9.953000000000000000e+03,5.252871093750000000e+02,7.283922729492187500e+02
9.954000000000000000e+03,4.932515563964843750e+02,9.995507812500000000e+02
9.955000000000000000e+03,5.008883972167968750e+02,1.433569213867187500e+03
9.956000000000000000e+03,5.014523925781250000e+02,1.211905151367187500e+03
9.957000000000000000e+03,5.251756591796875000e+02,7.454013061523437500e+02
9.958000000000000000e+03,4.990113525390625000e+02,1.515102416992187500e+03
9.959000000000000000e+03,5.047431945800781250e+02,7.320723876953125000e+02
9.960000000000000000e+03,4.740860900878906250e+02,7.221849365234375000e+02
9.961000000000000000e+03,4.941097106933593750e+02,1.014159118652343750e+03
9.962000000000000000e+03,4.798692626953125000e+02,8.644887084960937500e+02
9.963000000000000000e+03,4.682662658691406250e+02,7.281235961914062500e+02
9.964000000000000000e+03,4.651209106445312500e+02,7.971168212890625000e+02
9.965000000000000000e+03,4.924881286621093750e+02,8.235619506835937500e+02
9.966000000000000000e+03,4.824688720703125000e+02,1.479485717773437500e+03
9.967000000000000000e+03,4.897309265136718750e+02,9.981213378906250000e+02
9.968000000000000000e+03,4.867822265625000000e+02,1.056806762695312500e+03
9.969000000000000000e+03,5.041005554199218750e+02,7.673530273437500000e+02
9.970000000000000000e+03,5.419205322265625000e+02,9.516589355468750000e+02
9.971000000000000000e+03,4.400035095214843750e+02,7.160316162109375000e+02
9.972000000000000000e+03,4.987704162597656250e+02,7.625947265625000000e+02
9.973000000000000000e+03,5.165725708007812500e+02,7.493366088867187500e+02
9.974000000000000000e+03,5.222862548828125000e+02,8.185508422851562500e+02
9.975000000000000000e+03,5.037645568847656250e+02,9.376167602539062500e+02
9.976000000000000000e+03,4.918513793945312500e+02,7.248299560546875000e+02
9.977000000000000000e+03,4.457435913085937500e+02,7.162600097656250000e+02
9.978000000000000000e+03,5.102107543945312500e+02,7.781352539062500000e+02
9.979000000000000000e+03,4.889635314941406250e+02,1.467382690429687500e+03
9.980000000000000000e+03,5.446860961914062500e+02,7.281958618164062500e+02
9.981000000000000000e+03,4.630654907226562500e+02,8.762172851562500000e+02
9.982000000000000000e+03,4.844262695312500000e+02,7.670697631835937500e+02
9.983000000000000000e+03,5.329508666992187500e+02,7.322851562500000000e+02
9.984000000000000000e+03,4.964531860351562500e+02,7.428624267578125000e+02
9.985000000000000000e+03,4.847070312500000000e+02,7.738262329101562500e+02
9.986000000000000000e+03,5.031471252441406250e+02,8.727793579101562500e+02
9.987000000000000000e+03,4.488655395507812500e+02,1.064252685546875000e+03
9.988000000000000000e+03,4.617359008789062500e+02,7.494906005859375000e+02
9.989000000000000000e+03,4.911940917968750000e+02,8.451809082031250000e+02
9.990000000000000000e+03,4.725738220214843750e+02,7.157391967773437500e+02
9.991000000000000000e+03,4.880554199218750000e+02,7.589090576171875000e+02
9.992000000000000000e+03,4.850345458984375000e+02,1.489546020507812500e+03
9.993000000000000000e+03,5.020625305175781250e+02,7.172831420898437500e+02
9.994000000000000000e+03,4.834974060058593750e+02,1.405717529296875000e+03
9.995000000000000000e+03,5.059583740234375000e+02,7.349342041015625000e+02
9.996000000000000000e+03,4.955032958984375000e+02,7.562971191406250000e+02
9.997000000000000000e+03,4.987647094726562500e+02,7.274550170898437500e+02
9.998000000000000000e+03,4.923707275390625000e+02,7.158882446289062500e+02
9.999000000000000000e+03,4.872448730468750000e+02,7.156328735351562500e+02
1.000000000000000000e+04,5.317871704101562500e+02,1.188159545898437500e+03
